date,failure,Smart 194: Temperature_Celsius (Raw Value),Smart 8: Seek_Time_Performance (Raw Value),Smart 1: Raw_Read_Error_Rate (Raw Value),Smart 12: Power_Cycle_Count (Raw Value),Smart 4: Start_Stop_Count (Raw Value),Smart 10: Spin_Retry_Count (Raw Value),Smart 192: Power-Off_Retract_Count (Raw Value),Smart 9: Power_On_Hours (Raw Value),Smart 2: Throughput_Performance (Raw Value),Smart 7: Seek_Error_Rate (Raw Value),Smart 193: Load_Cycle_Count (Raw Value),Smart 3: Spin_Up_Time (Raw Value),Smart 5: Reallocated_Sector_Ct (Raw Value),Smart 197: Current_Pending_Sector (Raw Value),Smart 198: Offline_Uncorrectable (Raw Value),Smart 199: UDMA_CRC_Error_Count (Raw Value),Smart 196: Reallocated_Event_Count (Raw Value),op_fail_30,op_fail_15,op_fail_1
2013-04-10,0,26,,0,,,,,3269,,,,,0,0,,,,False,False,False
2013-04-11,0,28,,0,,,,,3293,,,,,0,0,,,,False,False,False
2013-04-12,0,29,,65536,,,,,3312,,,,,0,0,,,,False,False,False
2013-04-13,0,28,,0,,,,,3336,,,,,0,0,,,,False,False,False
2013-04-14,0,26,,0,,,,,3360,,,,,0,0,,,,False,False,False
2013-04-15,0,26,,0,,,,,3384,,,,,0,0,,,,False,False,False
2013-04-16,0,27,,0,,,,,3408,,,,,0,0,,,,False,False,False
2013-04-17,0,28,,0,,,,,3432,,,,,0,0,,,,False,False,False
2013-04-18,0,27,,0,,,,,3456,,,,,0,0,,,,False,False,False
2013-04-19,0,26,,0,,,,,3480,,,,,0,0,,,,False,False,False
2013-04-20,0,26,,0,,,,,3504,,,,,0,0,,,,False,False,False
2013-04-21,0,27,,0,,,,,3528,,,,,0,0,,,,False,False,False
2013-04-22,0,27,,0,,,,,3552,,,,,0,0,,,,False,False,False
2013-04-23,0,25,,0,,,,,3576,,,,,0,0,,,,False,False,False
2013-04-24,0,24,,0,,,,,3600,,,,,0,0,,,,False,False,False
2013-04-25,0,23,,0,,,,,3624,,,,,0,0,,,,False,False,False
2013-04-26,0,25,,0,,,,,3648,,,,,0,0,,,,False,False,False
2013-04-27,0,24,,0,,,,,3672,,,,,0,0,,,,False,False,False
2013-04-28,0,25,,0,,,,,3696,,,,,0,0,,,,False,False,False
2013-04-29,0,25,,0,,,,,3720,,,,,0,0,,,,False,False,False
2013-04-30,0,30,,0,,,,,3744,,,,,0,0,,,,False,False,False
2013-05-01,0,30,,0,,,,,3768,,,,,0,0,,,,False,False,False
2013-05-02,0,25,,0,,,,,3792,,,,,0,0,,,,False,False,False
2013-05-03,0,25,,0,,,,,3816,,,,,0,0,,,,False,False,False
2013-05-04,0,22,,0,,,,,3840,,,,,0,0,,,,False,False,False
2013-05-05,0,22,,0,,,,,3864,,,,,0,0,,,,False,False,False
2013-05-06,0,21,,0,,,,,3888,,,,,0,0,,,,False,False,False
2013-05-07,0,21,,0,,,,,3912,,,,,0,0,,,,False,False,False
2013-05-08,0,30,,0,,,,,3936,,,,,0,0,,,,False,False,False
2013-05-09,0,31,,0,,,,,3960,,,,,0,0,,,,False,False,False
2013-05-10,0,30,,0,,,,,3984,,,,,0,0,,,,False,False,False
2013-05-11,0,30,,0,,,,,4008,,,,,0,0,,,,False,False,False
2013-05-12,0,31,,0,,,,,4032,,,,,0,0,,,,False,False,False
2013-05-13,0,31,,0,,,,,4056,,,,,0,0,,,,False,False,False
2013-05-14,0,31,,0,,,,,4080,,,,,0,0,,,,False,False,False
2013-05-15,0,28,,0,,,,,4104,,,,,0,0,,,,False,False,False
2013-05-16,0,30,,0,,,,,4128,,,,,0,0,,,,False,False,False
2013-05-17,0,25,,0,,,,,4152,,,,,0,0,,,,False,False,False
2013-05-18,0,31,,0,,,,,4176,,,,,0,0,,,,False,False,False
2013-05-19,0,30,,0,,,,,4200,,,,,0,0,,,,False,False,False
2013-05-20,0,30,,0,,,,,4224,,,,,0,0,,,,False,False,False
2013-05-21,0,31,,0,,,,,4248,,,,,0,0,,,,False,False,False
2013-05-22,0,30,,0,,,,,4272,,,,,0,0,,,,False,False,False
2013-05-23,0,30,,0,,,,,4296,,,,,0,0,,,,False,False,False
2013-05-24,0,29,,0,,,,,4320,,,,,0,0,,,,False,False,False
2013-05-25,0,26,,0,,,,,4344,,,,,0,0,,,,False,False,False
2013-05-26,0,30,,0,,,,,4368,,,,,0,0,,,,False,False,False
2013-05-27,0,30,,0,,,,,4392,,,,,0,0,,,,False,False,False
2013-05-28,0,29,,0,,,,,4416,,,,,0,0,,,,False,False,False
2013-05-29,0,30,,0,,,,,4440,,,,,0,0,,,,False,False,False
2013-05-30,0,26,,0,,,,,4464,,,,,0,0,,,,False,False,False
2013-05-31,0,28,,0,,,,,4488,,,,,0,0,,,,False,False,False
2013-06-01,0,28,,0,,,,,4512,,,,,0,0,,,,False,False,False
2013-06-02,0,27,,0,,,,,4536,,,,,0,0,,,,False,False,False
2013-06-03,0,30,,0,,,,,4560,,,,,0,0,,,,False,False,False
2013-06-04,0,31,,0,,,,,4584,,,,,0,0,,,,False,False,False
2013-06-05,0,26,,0,,,,,4608,,,,,0,0,,,,False,False,False
2013-06-06,0,22,,0,,,,,4632,,,,,0,0,,,,False,False,False
2013-06-07,0,25,,0,,,,,4656,,,,,0,0,,,,False,False,False
2013-06-08,0,22,,0,,,,,4680,,,,,0,0,,,,False,False,False
2013-06-09,0,22,,0,,,,,4704,,,,,0,0,,,,False,False,False
2013-06-10,0,21,,0,,,,,4728,,,,,0,0,,,,False,False,False
2013-06-11,0,21,,0,,,,,4752,,,,,0,0,,,,False,False,False
2013-06-12,0,24,,0,,,,,4776,,,,,0,0,,,,False,False,False
2013-06-13,0,31,,0,,,,,4800,,,,,0,0,,,,False,False,False
2013-06-14,0,30,,0,,,,,4824,,,,,0,0,,,,False,False,False
2013-06-15,0,30,,0,,,,,4848,,,,,0,0,,,,False,False,False
2013-06-16,0,30,,0,,,,,4872,,,,,0,0,,,,False,False,False
2013-06-17,0,21,,0,,,,,4896,,,,,0,0,,,,False,False,False
2013-06-18,0,21,,0,,,,,4920,,,,,0,0,,,,False,False,False
2013-06-19,0,26,,0,,,,,4944,,,,,0,0,,,,False,False,False
2013-06-20,0,21,,0,,,,,4968,,,,,0,0,,,,False,False,False
2013-06-21,0,21,,0,,,,,4992,,,,,0,0,,,,False,False,False
2013-06-22,0,21,,0,,,,,5016,,,,,0,0,,,,False,False,False
2013-06-23,0,29,,0,,,,,5040,,,,,0,0,,,,False,False,False
2013-06-24,0,31,,1,,,,,5064,,,,,0,0,,,,False,False,False
2013-06-25,0,30,,0,,,,,5088,,,,,0,0,,,,False,False,False
2013-06-26,0,30,,0,,,,,5112,,,,,0,0,,,,False,False,False
2013-06-27,0,29,,0,,,,,5136,,,,,0,0,,,,False,False,False
2013-06-28,0,29,,0,,,,,5160,,,,,0,0,,,,False,False,False
2013-06-29,0,29,,0,,,,,5185,,,,,0,0,,,,False,False,False
2013-06-30,0,29,,0,,,,,5208,,,,,0,0,,,,False,False,False
2013-07-01,0,29,,0,,,,,5232,,,,,0,0,,,,False,False,False
2013-07-02,0,29,,0,,,,,5256,,,,,0,0,,,,False,False,False
2013-07-03,0,30,,0,,,,,5280,,,,,0,0,,,,False,False,False
2013-07-04,0,29,,0,,,,,5304,,,,,0,0,,,,False,False,False
2013-07-05,0,29,,0,,,,,5328,,,,,0,0,,,,False,False,False
2013-07-06,0,29,,0,,,,,5352,,,,,0,0,,,,False,False,False
2013-07-07,0,29,,0,,,,,5376,,,,,0,0,,,,False,False,False
2013-07-08,0,29,,0,,,,,5400,,,,,0,0,,,,False,False,False
2013-07-09,0,28,,0,,,,,5424,,,,,0,0,,,,False,False,False
2013-07-10,0,29,,0,,,,,5448,,,,,0,0,,,,False,False,False
2013-07-11,0,28,,0,,,,,5472,,,,,0,0,,,,False,False,False
2013-07-12,0,29,,0,,,,,5496,,,,,0,0,,,,False,False,False
2013-07-13,0,29,,0,,,,,5520,,,,,0,0,,,,False,False,False
2013-07-14,0,29,,0,,,,,5544,,,,,0,0,,,,False,False,False
2013-07-15,0,29,,0,,,,,5568,,,,,0,0,,,,False,False,False
2013-07-16,0,28,,0,,,,,5592,,,,,0,0,,,,False,False,False
2013-07-17,0,28,,0,,,,,5616,,,,,0,0,,,,False,False,False
2013-07-18,0,28,,0,,,,,5640,,,,,0,0,,,,False,False,False
2013-07-19,0,30,,0,,,,,5664,,,,,0,0,,,,False,False,False
2013-07-20,0,30,,0,,,,,5688,,,,,0,0,,,,False,False,False
2013-07-21,0,30,,0,,,,,5712,,,,,0,0,,,,False,False,False
2013-07-22,0,29,,0,,,,,5736,,,,,0,0,,,,False,False,False
2013-07-23,0,28,,0,,,,,5760,,,,,0,0,,,,False,False,False
2013-07-24,0,25,,0,,,,,5784,,,,,0,0,,,,False,False,False
2013-07-25,0,25,,0,,,,,5808,,,,,0,0,,,,False,False,False
2013-07-26,0,25,,0,,,,,5832,,,,,0,0,,,,False,False,False
2013-07-27,0,24,,0,,,,,5856,,,,,0,0,,,,False,False,False
2013-07-28,0,25,,0,,,,,5880,,,,,0,0,,,,False,False,False
2013-07-29,0,24,,0,,,,,5904,,,,,0,0,,,,False,False,False
2013-07-30,0,27,,0,,,,,5928,,,,,0,0,,,,False,False,False
2013-07-31,0,26,,0,,,,,5952,,,,,0,0,,,,False,False,False
2013-08-01,0,29,,0,,,,,5976,,,,,0,0,,,,False,False,False
2013-08-02,0,29,,0,,,,,6000,,,,,0,0,,,,False,False,False
2013-08-03,0,28,,0,,,,,6024,,,,,0,0,,,,False,False,False
2013-08-04,0,28,,0,,,,,6048,,,,,0,0,,,,False,False,False
2013-08-05,0,28,,0,,,,,6072,,,,,0,0,,,,False,False,False
2013-08-06,0,26,,0,,,,,6096,,,,,0,0,,,,False,False,False
2013-08-07,0,28,,0,,,,,6120,,,,,0,0,,,,False,False,False
2013-08-08,0,27,,0,,,,,6144,,,,,0,0,,,,False,False,False
2013-08-09,0,26,,0,,,,,6168,,,,,0,0,,,,False,False,False
2013-08-10,0,27,,0,,,,,6192,,,,,0,0,,,,False,False,False
2013-08-11,0,28,,0,,,,,6216,,,,,0,0,,,,False,False,False
2013-08-12,0,26,,0,,,,,6241,,,,,0,0,,,,False,False,False
2013-08-13,0,24,,0,,,,,6264,,,,,0,0,,,,False,False,False
2013-08-14,0,29,,0,,,,,6288,,,,,0,0,,,,False,False,False
2013-08-15,0,27,,0,,,,,6312,,,,,0,0,,,,False,False,False
2013-08-16,0,29,,0,,,,,6336,,,,,0,0,,,,False,False,False
2013-08-17,0,28,,0,,,,,6360,,,,,0,0,,,,False,False,False
2013-08-18,0,29,,0,,,,,6384,,,,,0,0,,,,False,False,False
2013-08-19,0,27,,0,,,,,6408,,,,,0,0,,,,False,False,False
2013-10-15,0,31,,0,,,,,7776,,,,,0,0,,,,False,False,False
2013-10-16,0,30,,0,,,,,7800,,,,,0,0,,,,False,False,False
2013-10-17,0,28,,0,,,,,7824,,,,,0,0,,,,False,False,False
2013-10-18,0,28,,0,,,,,7848,,,,,0,0,,,,False,False,False
2013-10-19,0,28,,0,,,,,7872,,,,,0,0,,,,False,False,False
2013-10-20,0,28,,0,,,,,7896,,,,,0,0,,,,False,False,False
2013-10-21,0,29,,0,,,,,7921,,,,,0,0,,,,False,False,False
2013-10-22,0,29,,0,,,,,7944,,,,,0,0,,,,False,False,False
2013-10-23,0,28,,0,,,,,7968,,,,,0,0,,,,False,False,False
2013-10-24,0,29,,0,,,,,7992,,,,,0,0,,,,False,False,False
2013-10-25,0,29,,0,,,,,8016,,,,,0,0,,,,False,False,False
2013-10-26,0,28,,0,,,,,8041,,,,,0,0,,,,False,False,False
2013-10-27,0,27,,0,,,,,8064,,,,,0,0,,,,False,False,False
2013-10-28,0,28,,0,,,,,8089,,,,,0,0,,,,False,False,False
2013-10-29,0,28,,0,,,,,8113,,,,,0,0,,,,False,False,False
2013-10-30,0,28,,0,,,,,8136,,,,,0,0,,,,False,False,False
2013-10-31,0,29,,0,,,,,8160,,,,,0,0,,,,False,False,False
2013-11-01,0,29,,0,,,,,8184,,,,,0,0,,,,False,False,False
2013-11-02,0,29,,0,,,,,8209,,,,,0,0,,,,False,False,False
2013-11-03,0,27,,0,,,,,8233,,,,,0,0,,,,False,False,False
2013-11-04,0,31,,0,,,,,8258,,,,,0,0,,,,False,False,False
2013-11-05,0,28,,0,,,,,8281,,,,,0,0,,,,False,False,False
2013-11-06,0,29,,0,,,,,8306,,,,,0,0,,,,False,False,False
2013-11-07,0,27,,0,,,,,8329,,,,,0,0,,,,False,False,False
2013-11-08,0,25,,0,,,,,8354,,,,,0,0,,,,False,False,False
2013-11-09,0,31,,0,,,,,8377,,,,,0,0,,,,False,False,False
2013-11-10,0,29,,0,,,,,8401,,,,,0,0,,,,False,False,False
2013-11-11,0,27,,0,,,,,8425,,,,,0,0,,,,False,False,False
2013-11-12,0,29,,0,,,,,8449,,,,,0,0,,,,False,False,False
2013-11-13,0,26,,0,,,,,8474,,,,,0,0,,,,False,False,False
2013-11-14,0,28,,0,,,,,8497,,,,,0,0,,,,False,False,False
2013-11-15,0,31,,0,,,,,8521,,,,,0,0,,,,False,False,False
2013-11-16,0,31,,0,,,,,8546,,,,,0,0,,,,False,False,False
2013-11-17,0,31,,0,,,,,8569,,,,,0,0,,,,False,False,False
2013-11-18,0,27,,0,,,,,8593,,,,,0,0,,,,False,False,False
2013-11-19,0,30,,0,,,,,8617,,,,,0,0,,,,False,False,False
2013-11-20,0,31,,0,,,,,8641,,,,,0,0,,,,False,False,False
2013-11-21,0,30,,0,,,,,8666,,,,,0,0,,,,False,False,False
2013-11-22,0,31,,0,,,,,8689,,,,,0,0,,,,False,False,False
2013-11-23,0,31,,0,,,,,8713,,,,,0,0,,,,False,False,False
2013-11-24,0,31,,0,,,,,8737,,,,,0,0,,,,False,False,False
2013-11-25,0,30,,0,,,,,8761,,,,,0,0,,,,False,False,False
2013-11-26,0,29,,0,,,,,8785,,,,,0,0,,,,False,False,False
2013-11-27,0,31,,0,,,,,8809,,,,,0,0,,,,False,False,False
2013-11-28,0,32,,0,,,,,8833,,,,,0,0,,,,False,False,False
2013-11-29,0,28,,0,,,,,8858,,,,,0,0,,,,False,False,False
2013-11-30,0,31,,0,,,,,8882,,,,,0,0,,,,False,False,False
2013-12-01,0,31,,0,,,,,8906,,,,,0,0,,,,False,False,False
2013-12-02,0,31,,0,,,,,8929,,,,,0,0,,,,False,False,False
2013-12-03,0,29,,0,,,,,8954,,,,,0,0,,,,False,False,False
2013-12-04,0,31,,0,,,,,8977,,,,,0,0,,,,False,False,False
2013-12-05,0,31,,0,,,,,9002,,,,,0,0,,,,False,False,False
2013-12-06,0,30,,0,,,,,9025,,,,,0,0,,,,False,False,False
2013-12-07,0,31,,0,,,,,9049,,,,,0,0,,,,False,False,False
2013-12-08,0,31,,0,,,,,9073,,,,,0,0,,,,False,False,False
2013-12-09,0,31,,0,,,,,9097,,,,,0,0,,,,False,False,False
2013-12-10,0,31,,0,,,,,9122,,,,,0,0,,,,False,False,False
2013-12-11,0,31,,0,,,,,9142,,,,,0,0,,,,False,False,False
2013-12-12,0,30,,0,,,,,9166,,,,,0,0,,,,False,False,False
2013-12-13,0,31,,0,,,,,9190,,,,,0,0,,,,False,False,False
2013-12-14,0,31,,0,,,,,9214,,,,,0,0,,,,False,False,False
2013-12-15,0,31,,0,,,,,9238,,,,,0,0,,,,False,False,False
2013-12-16,0,30,,0,,,,,9262,,,,,0,0,,,,False,False,False
2013-12-17,0,31,,0,,,,,9286,,,,,0,0,,,,False,False,False
2013-12-18,0,31,,0,,,,,9310,,,,,0,0,,,,False,False,False
2013-12-19,0,32,,0,,,,,9334,,,,,0,0,,,,False,False,False
2013-12-20,0,30,,0,,,,,9358,,,,,0,0,,,,False,False,False
2013-12-21,0,30,,0,,,,,9382,,,,,0,0,,,,False,False,False
2013-12-22,0,31,,0,,,,,9406,,,,,0,0,,,,False,False,False
2013-12-23,0,30,,0,,,,,9430,,,,,0,0,,,,False,False,False
2013-12-24,0,31,,0,,,,,9454,,,,,0,0,,,,False,False,False
2013-12-25,0,31,,0,,,,,9478,,,,,0,0,,,,False,False,False
2013-12-26,0,31,,0,,,,,9502,,,,,0,0,,,,False,False,False
2013-12-27,0,31,,0,,,,,9526,,,,,0,0,,,,False,False,False
2013-12-28,0,30,,0,,,,,9550,,,,,0,0,,,,False,False,False
2013-12-29,0,31,,0,,,,,9574,,,,,0,0,,,,False,False,False
2013-12-30,0,30,,0,,,,,9598,,,,,0,0,,,,False,False,False
2013-12-31,0,31,,0,,,,,9622,,,,,0,0,,,,False,False,False
2014-01-01,0,29,,0,,,,,9646,,,,,0,0,,,,False,False,False
2014-01-02,0,31,,0,,,,,9670,,,,,0,0,,,,False,False,False
2014-01-03,0,31,,0,,,,,9694,,,,,0,0,,,,False,False,False
2014-01-04,0,31,,0,,,,,9718,,,,,0,0,,,,False,False,False
2014-01-05,0,31,,0,,,,,9742,,,,,0,0,,,,False,False,False
2014-01-06,0,30,,0,,,,,9766,,,,,0,0,,,,False,False,False
2014-01-07,0,31,,0,,,,,9790,,,,,0,0,,,,False,False,False
2014-01-08,0,31,,0,,,,,9814,,,,,0,0,,,,False,False,False
2014-01-09,0,30,,0,,,,,9838,,,,,0,0,,,,False,False,False
2014-01-10,0,30,,0,,,,,9862,,,,,0,0,,,,False,False,False
2014-01-11,0,29,,0,,,,,9886,,,,,0,0,,,,False,False,False
2014-01-12,0,31,,0,,,,,9910,,,,,0,0,,,,False,False,False
2014-01-13,0,30,,0,,,,,9934,,,,,0,0,,,,False,False,False
2014-01-14,0,30,,0,,,,,9958,,,,,0,0,,,,False,False,False
2014-01-15,0,31,,0,,,,,9982,,,,,0,0,,,,False,False,False
2014-01-16,0,31,,0,,,,,10006,,,,,0,0,,,,False,False,False
2014-01-17,0,31,,0,,,,,10030,,,,,0,0,,,,False,False,False
2014-01-18,0,31,,0,,,,,10054,,,,,0,0,,,,False,False,False
2014-01-19,0,30,,0,,,,,10078,,,,,0,0,,,,False,False,False
2014-01-20,0,31,,0,,,,,10102,,,,,0,0,,,,False,False,False
2014-01-21,0,31,,0,,,,,10126,,,,,0,0,,,,False,False,False
2014-01-22,0,31,,0,,,,,10150,,,,,0,0,,,,False,False,False
2014-01-23,0,30,,0,,,,,10174,,,,,0,0,,,,False,False,False
2014-01-24,0,31,,0,,,,,10198,,,,,0,0,,,,False,False,False
2014-01-25,0,30,,0,,,,,10222,,,,,0,0,,,,False,False,False
2014-01-26,0,31,,0,,,,,10246,,,,,0,0,,,,False,False,False
2014-01-27,0,31,,0,,,,,10270,,,,,0,0,,,,False,False,False
2014-01-28,0,30,,0,,,,,10294,,,,,0,0,,,,False,False,False
2014-01-29,0,31,,0,,,,,10318,,,,,0,0,,,,False,False,False
2014-01-30,0,31,,0,,,,,10342,,,,,0,0,,,,False,False,False
2014-01-31,0,31,,0,,,,,10366,,,,,0,0,,,,False,False,False
2014-02-01,0,31,,0,,,,,10390,,,,,0,0,,,,False,False,False
2014-02-02,0,31,,0,,,,,10414,,,,,0,0,,,,False,False,False
2014-02-03,0,32,,0,,,,,10438,,,,,0,0,,,,False,False,False
2014-02-04,0,32,,0,,,,,10462,,,,,0,0,,,,False,False,False
2014-02-05,0,31,,0,,,,,10486,,,,,0,0,,,,False,False,False
2014-02-06,0,31,,0,,,,,10508,,,,,0,0,,,,False,False,False
2014-02-07,0,31,,0,,,,,10533,,,,,0,0,,,,False,False,False
2014-02-08,0,31,,0,,,,,10557,,,,,0,0,,,,False,False,False
2014-02-09,0,32,,0,,,,,10581,,,,,0,0,,,,False,False,False
2014-02-10,0,32,,0,,,,,10605,,,,,0,0,,,,False,False,False
2014-02-11,0,32,,0,,,,,10629,,,,,0,0,,,,False,False,False
2014-02-12,0,32,,0,,,,,10653,,,,,0,0,,,,False,False,False
2014-02-13,0,32,,0,,,,,10677,,,,,0,0,,,,False,False,False
2014-02-14,0,32,36,0,12,12,0,92,10701,107,0,92,477,0,0,0,0,0,False,False,False
2014-02-15,0,32,36,0,12,12,0,93,10724,107,0,93,477,0,0,0,0,0,False,False,False
2014-02-16,0,32,36,65536,12,12,0,93,10748,107,0,93,477,0,0,0,0,0,False,False,False
2014-02-17,0,31,36,0,12,12,0,93,10772,107,0,93,477,0,0,0,0,0,False,False,False
2014-02-18,0,31,36,0,12,12,0,93,10797,107,0,93,477,0,0,0,0,0,False,False,False
2014-02-19,0,31,36,0,12,12,0,93,10820,107,0,93,477,0,0,0,0,0,False,False,False
2014-02-20,0,31,36,0,12,12,0,93,10844,107,0,93,477,0,0,0,0,0,False,False,False
2014-02-21,0,31,36,0,12,12,0,93,10869,107,0,93,477,0,0,0,0,0,False,False,False
2014-02-22,0,31,36,0,12,12,0,93,10892,107,0,93,477,0,0,0,0,0,False,False,False
2014-02-23,0,31,36,0,12,12,0,93,10916,107,0,93,477,0,0,0,0,0,False,False,False
2014-02-24,0,31,36,0,12,12,0,93,10941,107,0,93,477,0,0,0,0,0,False,False,False
2014-02-25,0,31,36,0,12,12,0,93,10964,107,0,93,477,0,0,0,0,0,False,False,False
2014-02-26,0,32,36,0,12,12,0,93,10988,107,0,93,477,0,0,0,0,0,False,False,False
2014-02-27,0,29,36,0,12,12,0,93,11012,107,0,93,477,0,0,0,0,0,False,False,False
2014-02-28,0,31,36,0,13,13,0,95,11036,108,0,95,477,0,0,0,0,0,False,False,False
2014-03-01,0,30,36,0,13,13,0,96,11060,108,0,96,477,0,0,0,0,0,False,False,False
2014-03-02,0,31,36,0,13,13,0,97,11084,108,0,97,477,0,0,0,0,0,False,False,False
2014-03-03,0,31,36,0,13,13,0,97,11108,108,0,97,477,0,0,0,0,0,False,False,False
2014-03-04,0,31,36,0,13,13,0,98,11132,108,0,98,477,0,0,0,0,0,False,False,False
2014-03-05,0,31,36,0,13,13,0,99,11156,108,0,99,477,0,0,0,0,0,False,False,False
2014-03-06,0,31,36,0,13,13,0,100,11180,108,0,100,477,0,0,0,0,0,False,False,False
2014-03-07,0,31,36,0,13,13,0,100,11204,108,0,100,477,0,0,0,0,0,False,False,False
2014-03-08,0,30,36,0,13,13,0,101,11228,108,0,101,477,0,0,0,0,0,False,False,False
2014-03-09,0,31,36,0,13,13,0,101,11252,108,0,101,477,0,0,0,0,0,False,False,False
2014-03-10,0,31,36,0,13,13,0,102,11276,108,0,102,477,0,0,0,0,0,False,False,False
2014-03-11,0,29,36,0,13,13,0,102,11299,108,0,102,477,0,0,0,0,0,False,False,False
2014-03-12,0,29,36,0,13,13,0,102,11323,108,0,102,477,0,0,0,0,0,False,False,False
2014-03-13,0,29,36,0,13,13,0,102,11347,108,0,102,477,0,0,0,0,0,False,False,False
2014-03-14,0,30,36,0,13,13,0,102,11371,108,0,102,477,0,0,0,0,0,False,False,False
2014-03-15,0,31,36,0,13,13,0,102,11395,108,0,102,477,0,0,0,0,0,False,False,False
2014-03-16,0,30,36,0,13,13,0,102,11419,108,0,102,477,0,0,0,0,0,False,False,False
2014-03-17,0,30,36,0,13,13,0,102,11443,108,0,102,477,0,0,0,0,0,False,False,False
2014-03-18,0,30,36,0,13,13,0,102,11467,108,0,102,477,0,0,0,0,0,False,False,False
2014-03-19,0,30,36,0,13,13,0,102,11491,108,0,102,477,0,0,0,0,0,False,False,False
2014-03-20,0,30,36,0,13,13,0,102,11515,108,0,102,477,0,0,0,0,0,False,False,False
2014-03-21,0,30,36,0,13,13,0,102,11539,108,0,102,477,0,0,0,0,0,False,False,False
2014-03-22,0,31,36,0,13,13,0,102,11563,108,0,102,477,0,0,0,0,0,False,False,False
2014-03-23,0,31,36,0,13,13,0,102,11587,108,0,102,477,0,0,0,0,0,False,False,False
2014-03-24,0,31,36,0,13,13,0,102,11611,108,0,102,477,0,0,0,0,0,False,False,False
2014-03-25,0,31,36,0,13,13,0,102,11635,108,0,102,477,0,0,0,0,0,False,False,False
2014-03-26,0,30,36,0,13,13,0,102,11659,108,0,102,477,0,0,0,0,0,False,False,False
2014-03-27,0,30,36,0,13,13,0,102,11683,108,0,102,477,0,0,0,0,0,False,False,False
2014-03-28,0,30,36,0,13,13,0,102,11707,108,0,102,477,0,0,0,0,0,False,False,False
2014-03-29,0,29,36,0,13,13,0,102,11731,108,0,102,477,0,0,0,0,0,False,False,False
2014-03-30,0,30,36,0,13,13,0,102,11755,108,0,102,477,0,0,0,0,0,False,False,False
2014-03-31,0,30,36,0,13,13,0,102,11779,108,0,102,477,0,0,0,0,0,False,False,False
2014-04-01,0,29,36,0,13,13,0,102,11803,108,0,102,477,0,0,0,0,0,False,False,False
2014-04-02,0,29,36,0,13,13,0,102,11827,108,0,102,477,0,0,0,0,0,False,False,False
2014-04-03,0,30,36,0,13,13,0,102,11851,108,0,102,477,0,0,0,0,0,False,False,False
2014-04-04,0,30,36,0,13,13,0,102,11875,108,0,102,477,0,0,0,0,0,False,False,False
2014-04-05,0,29,36,0,13,13,0,102,11899,108,0,102,477,0,0,0,0,0,False,False,False
2014-04-06,0,31,36,0,13,13,0,102,11923,108,0,102,477,0,0,0,0,0,False,False,False
2014-04-07,0,30,36,0,13,13,0,102,11947,108,0,102,477,0,0,0,0,0,False,False,False
2014-04-08,0,28,36,0,13,13,0,102,11971,108,0,102,477,0,0,0,0,0,False,False,False
2014-04-09,0,29,36,0,13,13,0,102,11995,108,0,102,477,0,0,0,0,0,False,False,False
2014-04-10,0,31,36,0,13,13,0,103,12019,108,0,103,477,0,0,0,0,0,False,False,False
2014-04-11,0,31,36,0,13,13,0,103,12043,108,0,103,477,0,0,0,0,0,False,False,False
2014-04-12,0,31,36,0,13,13,0,103,12067,108,0,103,477,0,0,0,0,0,False,False,False
2014-04-13,0,31,36,0,13,13,0,103,12092,108,0,103,477,0,0,0,0,0,False,False,False
2014-04-14,0,31,36,0,13,13,0,103,12115,108,0,103,477,0,0,0,0,0,False,False,False
2014-04-15,0,31,36,0,13,13,0,103,12139,108,0,103,477,0,0,0,0,0,False,False,False
2014-04-16,0,30,36,0,13,13,0,103,12163,108,0,103,477,0,0,0,0,0,False,False,False
2014-04-17,0,29,36,0,13,13,0,103,12187,108,0,103,477,0,0,0,0,0,False,False,False
2014-04-18,0,30,36,0,13,13,0,103,12211,108,0,103,477,0,0,0,0,0,False,False,False
2014-04-19,0,31,36,0,13,13,0,103,12235,108,0,103,477,0,0,0,0,0,False,False,False
2014-04-20,0,31,36,0,13,13,0,103,12259,108,0,103,477,0,0,0,0,0,False,False,False
2014-04-21,0,31,36,0,13,13,0,103,12283,108,0,103,477,0,0,0,0,0,False,False,False
2014-04-22,0,31,36,0,13,13,0,103,12307,108,0,103,477,0,0,0,0,0,False,False,False
2014-04-23,0,31,36,0,13,13,0,103,12331,108,0,103,477,0,0,0,0,0,False,False,False
2014-04-24,0,31,36,0,13,13,0,103,12355,108,0,103,477,0,0,0,0,0,False,False,False
2014-04-25,0,30,36,0,13,13,0,103,12379,108,0,103,477,0,0,0,0,0,False,False,False
2014-04-26,0,31,36,0,13,13,0,103,12403,108,0,103,477,0,0,0,0,0,False,False,False
2014-04-27,0,31,36,0,13,13,0,103,12427,108,0,103,477,0,0,0,0,0,False,False,False
2014-04-28,0,31,36,0,13,13,0,103,12451,108,0,103,477,0,0,0,0,0,False,False,False
2014-04-29,0,31,36,0,13,13,0,103,12475,108,0,103,477,0,0,0,0,0,False,False,False
2014-04-30,0,31,36,0,13,13,0,103,12499,108,0,103,477,0,0,0,0,0,False,False,False
2014-05-01,0,29,36,0,13,13,0,103,12523,108,0,103,477,0,0,0,0,0,False,False,False
2014-05-02,0,31,36,0,13,13,0,103,12547,108,0,103,477,0,0,0,0,0,False,False,False
2014-05-03,0,31,36,0,13,13,0,103,12571,108,0,103,477,0,0,0,0,0,False,False,False
2014-05-04,0,31,36,0,13,13,0,103,12595,108,0,103,477,0,0,0,0,0,False,False,False
2014-05-05,0,30,36,0,13,13,0,103,12619,108,0,103,477,0,0,0,0,0,False,False,False
2014-05-06,0,31,36,0,13,13,0,103,12644,108,0,103,477,0,0,0,0,0,False,False,False
2014-05-07,0,31,36,0,13,13,0,103,12667,108,0,103,477,0,0,0,0,0,False,False,False
2014-05-08,0,30,36,0,13,13,0,103,12691,108,0,103,477,0,0,0,0,0,False,False,False
2014-05-09,0,31,36,0,13,13,0,103,12715,108,0,103,477,0,0,0,0,0,False,False,False
2014-05-10,0,31,36,0,13,13,0,103,12739,108,0,103,477,0,0,0,0,0,False,False,False
2014-05-11,0,31,36,0,13,13,0,103,12763,108,0,103,477,0,0,0,0,0,False,False,False
2014-05-12,0,31,36,0,13,13,0,103,12787,108,0,103,477,0,0,0,0,0,False,False,False
2014-05-13,0,29,36,0,13,13,0,103,12811,108,0,103,477,0,0,0,0,0,False,False,False
2014-05-14,0,29,36,0,13,13,0,103,12835,108,0,103,477,0,0,0,0,0,False,False,False
2014-05-15,0,28,36,0,13,13,0,103,12859,108,0,103,477,0,0,0,0,0,False,False,False
2014-05-16,0,29,36,0,13,13,0,103,12884,108,0,103,477,0,0,0,0,0,False,False,False
2014-05-17,0,30,36,0,13,13,0,103,12907,108,0,103,477,0,0,0,0,0,False,False,False
2014-05-18,0,30,36,0,13,13,0,103,12931,108,0,103,477,0,0,0,0,0,False,False,False
2014-05-19,0,30,36,0,13,13,0,103,12955,108,0,103,477,0,0,0,0,0,False,False,False
2014-05-20,0,31,36,0,13,13,0,103,12979,108,0,103,477,0,0,0,0,0,False,False,False
2014-05-21,0,29,36,0,13,13,0,103,13003,108,0,103,477,0,0,0,0,0,False,False,False
2014-05-22,0,30,37,0,13,13,0,104,13027,108,0,104,477,0,0,0,0,0,False,False,False
2014-05-23,0,30,37,0,13,13,0,105,13051,108,0,105,477,0,0,0,0,0,False,False,False
2014-05-24,0,29,37,0,13,13,0,105,13075,108,0,105,477,0,0,0,0,0,False,False,False
2014-05-25,0,30,37,0,13,13,0,105,13099,108,0,105,477,0,0,0,0,0,False,False,False
2014-05-26,0,28,37,0,13,13,0,105,13124,108,0,105,477,0,0,0,0,0,False,False,False
2014-05-27,0,30,37,0,13,13,0,105,13147,108,0,105,477,0,0,0,0,0,False,False,False
2014-05-28,0,30,37,0,13,13,0,105,13171,108,0,105,477,0,0,0,0,0,False,False,False
2014-05-29,0,30,37,0,13,13,0,105,13196,108,0,105,477,0,0,0,0,0,False,False,False
2014-05-30,0,31,37,0,13,13,0,105,13219,108,0,105,477,0,0,0,0,0,False,False,False
2014-05-31,0,31,37,0,13,13,0,105,13243,108,0,105,477,0,0,0,0,0,False,False,False
2014-06-01,0,31,37,0,13,13,0,105,13267,108,0,105,477,0,0,0,0,0,False,False,False
2014-06-02,0,31,37,0,13,13,0,105,13291,108,0,105,477,0,0,0,0,0,False,False,False
2014-06-03,0,31,37,0,13,13,0,105,13315,108,0,105,477,0,0,0,0,0,False,False,False
2014-06-04,0,31,37,0,13,13,0,105,13339,108,0,105,477,0,0,0,0,0,False,False,False
2014-06-05,0,31,37,0,13,13,0,105,13363,108,0,105,477,0,0,0,0,0,False,False,False
2014-06-06,0,30,37,0,13,13,0,105,13387,108,0,105,477,0,0,0,0,0,False,False,False
2014-06-07,0,30,37,0,13,13,0,105,13411,108,0,105,477,0,0,0,0,0,False,False,False
2014-06-08,0,30,37,0,13,13,0,105,13435,108,0,105,477,0,0,0,0,0,False,False,False
2014-06-09,0,30,37,0,13,13,0,105,13459,108,0,105,477,0,0,0,0,0,False,False,False
2014-06-10,0,30,37,65536,13,13,0,105,13483,108,0,105,477,0,0,0,0,0,False,False,False
2014-06-11,0,30,37,0,13,13,0,105,13507,108,0,105,477,0,0,0,0,0,False,False,False
2014-06-12,0,30,37,0,13,13,0,105,13531,108,0,105,477,0,0,0,0,0,False,False,False
2014-06-13,0,30,37,0,13,13,0,105,13555,108,0,105,477,0,0,0,0,0,False,False,False
2014-06-14,0,30,37,0,13,13,0,105,13579,108,0,105,477,0,0,0,0,0,False,False,False
2014-06-15,0,30,37,0,13,13,0,105,13603,108,0,105,477,0,0,0,0,0,False,False,False
2014-06-16,0,30,37,0,13,13,0,105,13627,108,0,105,477,0,0,0,0,0,False,False,False
2014-06-17,0,30,37,0,13,13,0,105,13651,108,0,105,477,0,0,0,0,0,False,False,False
2014-06-18,0,30,37,0,13,13,0,105,13676,108,0,105,477,0,0,0,0,0,False,False,False
2014-06-23,0,30,37,0,13,13,0,106,13795,108,0,106,477,0,0,0,0,0,False,False,False
2014-06-24,0,30,37,0,13,13,0,106,13819,108,0,106,477,0,0,0,0,0,False,False,False
2014-06-25,0,30,37,0,13,13,0,106,13843,108,0,106,477,0,0,0,0,0,False,False,False
2014-06-26,0,30,37,0,13,13,0,106,13867,108,0,106,477,0,0,0,0,0,False,False,False
2014-06-27,0,30,37,0,13,13,0,106,13891,108,0,106,477,0,0,0,0,0,False,False,False
2014-06-28,0,30,37,0,13,13,0,106,13915,108,0,106,477,0,0,0,0,0,False,False,False
2014-06-29,0,30,37,0,13,13,0,106,13939,108,0,106,477,0,0,0,0,0,False,False,False
2014-06-30,0,30,37,0,13,13,0,106,13963,108,0,106,477,0,0,0,0,0,False,False,False
2014-07-01,0,30,37,0,13,13,0,106,13987,108,0,106,477,0,0,0,0,0,False,False,False
2014-07-02,0,30,37,0,13,13,0,106,14012,108,0,106,477,0,0,0,0,0,False,False,False
2014-07-03,0,30,37,0,13,13,0,106,14035,108,0,106,477,0,0,0,0,0,False,False,False
2014-07-04,0,29,37,0,13,13,0,106,14059,108,0,106,477,0,0,0,0,0,False,False,False
2014-07-05,0,30,37,0,13,13,0,106,14084,108,0,106,477,0,0,0,0,0,False,False,False
2014-07-06,0,30,37,0,13,13,0,106,14107,108,0,106,477,0,0,0,0,0,False,False,False
2014-07-07,0,30,37,0,13,13,0,106,14131,108,0,106,477,0,0,0,0,0,False,False,False
2014-07-08,0,30,37,0,13,13,0,106,14155,108,0,106,477,0,0,0,0,0,False,False,False
2014-07-09,0,30,37,0,13,13,0,106,14179,108,0,106,477,0,0,0,0,0,False,False,False
2014-07-10,0,30,37,0,13,13,0,106,14203,108,0,106,477,0,0,0,0,0,False,False,False
2014-07-11,0,24,37,0,13,13,0,106,14227,108,0,106,477,0,0,0,0,0,False,False,False
2014-07-12,0,25,37,0,13,13,0,106,14252,108,0,106,477,0,0,0,0,0,False,False,False
2014-07-13,0,24,37,0,13,13,0,106,14275,108,0,106,477,0,0,0,0,0,False,False,False
2014-07-14,0,25,37,0,13,13,0,106,14299,108,0,106,477,0,0,0,0,0,False,False,False
2014-07-15,0,25,37,0,13,13,0,106,14324,108,0,106,477,0,0,0,0,0,False,False,False
2014-07-16,0,25,37,0,13,13,0,106,14347,108,0,106,477,0,0,0,0,0,False,False,False
2014-07-17,0,24,37,65536,13,13,0,106,14371,108,0,106,477,0,0,0,0,0,False,False,False
2014-07-18,0,24,37,0,13,13,0,106,14395,108,0,106,477,0,0,0,0,0,False,False,False
2014-07-19,0,24,37,0,13,13,0,106,14419,108,0,106,477,0,0,0,0,0,False,False,False
2014-07-20,0,24,37,0,13,13,0,106,14443,108,0,106,477,0,0,0,0,0,False,False,False
2014-07-21,0,25,37,0,13,13,0,106,14467,108,0,106,477,0,0,0,0,0,False,False,False
2014-07-22,0,24,37,0,13,13,0,106,14491,108,0,106,477,0,0,0,0,0,False,False,False
2014-07-23,0,24,37,0,13,13,0,107,14515,108,0,107,477,0,0,0,0,0,False,False,False
2014-07-24,0,25,37,0,13,13,0,108,14539,108,0,108,477,0,0,0,0,0,False,False,False
2014-07-25,0,25,37,0,13,13,0,108,14564,108,0,108,477,0,0,0,0,0,False,False,False
2014-07-26,0,24,37,0,13,13,0,108,14587,108,0,108,477,0,0,0,0,0,False,False,False
2014-07-27,0,25,37,0,13,13,0,108,14611,108,0,108,477,0,0,0,0,0,False,False,False
2014-07-28,0,25,37,0,13,13,0,108,14636,108,0,108,477,0,0,0,0,0,False,False,False
2014-07-29,0,25,37,0,13,13,0,108,14659,108,0,108,477,0,0,0,0,0,False,False,False
2014-07-30,0,24,37,0,13,13,0,108,14683,108,0,108,477,0,0,0,0,0,False,False,False
2014-07-31,0,24,37,0,13,13,0,108,14707,108,0,108,477,0,0,0,0,0,False,False,False
2014-08-01,0,24,37,0,13,13,0,108,14731,108,0,108,477,0,0,0,0,0,False,False,False
2014-08-02,0,24,36,0,13,13,0,109,14755,108,0,109,477,0,0,0,0,0,False,False,False
2014-08-03,0,24,36,0,13,13,0,110,14779,108,0,110,477,0,0,0,0,0,False,False,False
2014-08-04,0,24,36,0,13,13,0,111,14804,108,0,111,477,0,0,0,0,0,False,False,False
2014-08-05,0,24,36,0,13,13,0,111,14827,108,0,111,477,0,0,0,0,0,False,False,False
2014-08-06,0,25,36,0,13,13,0,111,14851,108,0,111,477,0,0,0,0,0,False,False,False
2014-08-07,0,24,36,0,13,13,0,111,14876,108,0,111,477,0,0,0,0,0,False,False,False
2014-08-08,0,24,36,0,13,13,0,111,14899,108,0,111,477,0,0,0,0,0,False,False,False
2014-08-09,0,24,36,0,13,13,0,111,14923,108,0,111,477,0,0,0,0,0,False,False,False
2014-08-10,0,23,36,0,13,13,0,111,14948,108,0,111,477,0,0,0,0,0,False,False,False
2014-08-11,0,24,36,0,13,13,0,111,14971,108,0,111,477,0,0,0,0,0,False,False,False
2014-08-12,0,24,36,0,13,13,0,111,14995,108,0,111,477,0,0,0,0,0,False,False,False
2014-08-13,0,24,36,0,13,13,0,111,15019,108,0,111,477,0,0,0,0,0,False,False,False
2014-08-14,0,24,36,0,13,13,0,111,15044,108,0,111,477,0,0,0,0,0,False,False,False
2014-08-15,0,24,36,0,13,13,0,111,15067,108,0,111,477,0,0,0,0,0,False,False,False
2014-08-16,0,24,36,0,13,13,0,111,15091,108,0,111,477,0,0,0,0,0,False,False,False
2014-08-17,0,24,36,0,13,13,0,111,15116,108,0,111,477,0,0,0,0,0,False,False,False
2014-08-18,0,23,36,0,13,13,0,111,15139,108,0,111,477,0,0,0,0,0,False,False,False
2014-08-19,0,24,36,0,13,13,0,111,15163,108,0,111,477,0,0,0,0,0,False,False,False
2014-08-20,0,24,36,0,15,15,0,113,15187,108,0,113,517,0,0,0,0,0,False,False,False
2014-08-21,0,24,36,0,15,15,0,113,15212,108,0,113,517,0,0,0,0,0,False,False,False
2014-08-22,0,25,36,0,15,15,0,114,15235,107,0,114,517,0,0,0,0,0,False,False,False
2014-08-23,0,26,36,0,15,15,0,115,15259,107,0,115,517,0,0,0,0,0,False,False,False
2014-08-24,0,25,36,0,15,15,0,115,15283,107,0,115,517,0,0,0,0,0,False,False,False
2014-08-25,0,25,36,0,15,15,0,116,15307,107,0,116,517,0,0,0,0,0,False,False,False
2014-08-26,0,25,36,0,15,15,0,116,15331,107,0,116,517,0,0,0,0,0,False,False,False
2014-08-27,0,25,36,0,15,15,0,116,15355,107,0,116,517,0,0,0,0,0,False,False,False
2014-08-28,0,25,36,0,15,15,0,116,15380,107,0,116,517,0,0,0,0,0,False,False,False
2014-08-29,0,25,36,0,15,15,0,116,15403,107,0,116,517,0,0,0,0,0,False,False,False
2014-08-30,0,26,36,0,15,15,0,116,15427,107,0,116,517,0,0,0,0,0,False,False,False
2014-08-31,0,25,36,0,15,15,0,116,15451,107,0,116,517,0,0,0,0,0,False,False,False
2014-09-01,0,25,36,0,15,15,0,116,15475,107,0,116,517,0,0,0,0,0,False,False,False
2014-09-02,0,25,36,0,15,15,0,116,15499,107,0,116,517,0,0,0,0,0,False,False,False
2014-09-03,0,25,36,0,15,15,0,116,15523,107,0,116,517,0,0,0,0,0,False,False,False
2014-09-04,0,26,36,0,15,15,0,116,15547,107,0,116,517,0,0,0,0,0,False,False,False
2014-09-05,0,25,36,0,15,15,0,116,15571,107,0,116,517,0,0,0,0,0,False,False,False
2014-09-06,0,25,36,0,15,15,0,116,15595,107,0,116,517,0,0,0,0,0,False,False,False
2014-09-07,0,24,36,0,15,15,0,116,15619,107,0,116,517,0,0,0,0,0,False,False,False
2014-09-08,0,25,36,0,15,15,0,116,15643,107,0,116,517,0,0,0,0,0,False,False,False
2014-09-09,0,25,36,0,15,15,0,116,15667,107,0,116,517,0,0,0,0,0,False,False,False
2014-09-10,0,25,36,0,15,15,0,116,15691,107,0,116,517,0,0,0,0,0,False,False,False
2014-09-11,0,25,36,0,15,15,0,116,15715,107,0,116,517,0,0,0,0,0,False,False,False
2014-09-12,0,25,36,0,15,15,0,116,15739,107,0,116,517,0,0,0,0,0,False,False,False
2014-09-13,0,25,36,0,15,15,0,116,15763,107,0,116,517,0,0,0,0,0,False,False,False
2014-09-14,0,25,36,0,15,15,0,116,15787,107,0,116,517,0,0,0,0,0,False,False,False
2014-09-15,0,25,36,0,15,15,0,116,15811,107,0,116,517,0,0,0,0,0,False,False,False
2014-09-16,0,25,36,0,15,15,0,116,15835,107,0,116,517,0,0,0,0,0,False,False,False
2014-09-17,0,25,36,0,15,15,0,116,15859,107,0,116,517,0,0,0,0,0,False,False,False
2014-09-18,0,26,36,0,15,15,0,116,15883,107,0,116,517,0,0,0,0,0,False,False,False
2014-09-19,0,26,36,0,15,15,0,116,15907,107,0,116,517,0,0,0,0,0,False,False,False
2014-09-20,0,26,36,0,15,15,0,116,15931,107,0,116,517,0,0,0,0,0,False,False,False
2014-09-21,0,26,36,0,15,15,0,116,15955,107,0,116,517,0,0,0,0,0,False,False,False
2014-09-22,0,25,36,0,15,15,0,116,15979,107,0,116,517,0,0,0,0,0,False,False,False
2014-09-23,0,25,36,0,15,15,0,116,16003,107,0,116,517,0,0,0,0,0,False,False,False
2014-09-24,0,26,36,0,15,15,0,116,16027,107,0,116,517,0,0,0,0,0,False,False,False
2014-09-25,0,26,36,0,15,15,0,116,16051,107,0,116,517,0,0,0,0,0,False,False,False
2014-09-26,0,25,36,0,15,15,0,116,16075,108,0,116,517,0,0,0,0,0,False,False,False
2014-09-27,0,25,36,0,15,15,0,116,16099,108,0,116,517,0,0,0,0,0,False,False,False
2014-09-28,0,26,36,0,15,15,0,116,16123,108,0,116,517,0,0,0,0,0,False,False,False
2014-09-29,0,25,36,0,15,15,0,116,16147,108,0,116,517,0,0,0,0,0,False,False,False
2014-09-30,0,25,36,0,15,15,0,116,16171,108,0,116,517,0,0,0,0,0,False,False,False
2014-10-01,0,26,36,0,15,15,0,116,16195,108,0,116,517,0,0,0,0,0,False,False,False
2014-10-02,0,26,36,0,15,15,0,116,16219,108,0,116,517,0,0,0,0,0,False,False,False
2014-10-03,0,25,36,0,15,15,0,116,16243,108,0,116,517,0,0,0,0,0,False,False,False
2014-10-04,0,26,36,0,15,15,0,116,16267,108,0,116,517,0,0,0,0,0,False,False,False
2014-10-05,0,26,36,0,15,15,0,116,16291,108,0,116,517,0,0,0,0,0,False,False,False
2014-10-06,0,25,36,0,15,15,0,116,16315,108,0,116,517,0,0,0,0,0,False,False,False
2014-10-07,0,26,36,0,15,15,0,116,16339,108,0,116,517,0,0,0,0,0,False,False,False
2014-10-08,0,25,36,0,15,15,0,116,16363,108,0,116,517,0,0,0,0,0,False,False,False
2014-10-09,0,25,36,0,15,15,0,116,16387,108,0,116,517,0,0,0,0,0,False,False,False
2014-10-10,0,26,36,0,15,15,0,116,16412,108,0,116,517,0,0,0,0,0,False,False,False
2014-10-11,0,26,36,0,15,15,0,116,16435,108,0,116,517,0,0,0,0,0,False,False,False
2014-10-12,0,26,36,0,15,15,0,116,16459,108,0,116,517,0,0,0,0,0,False,False,False
2014-10-13,0,26,36,0,15,15,0,116,16483,108,0,116,517,0,0,0,0,0,False,False,False
2014-10-14,0,26,36,0,15,15,0,116,16507,108,0,116,517,0,0,0,0,0,False,False,False
2014-10-15,0,26,36,0,15,15,0,116,16531,108,0,116,517,0,0,0,0,0,False,False,False
2014-10-16,0,25,36,0,15,15,0,116,16555,108,0,116,517,0,0,0,0,0,False,False,False
2014-10-17,0,26,36,0,15,15,0,116,16579,108,0,116,517,0,0,0,0,0,False,False,False
2014-10-18,0,25,36,0,15,15,0,116,16603,108,0,116,517,0,0,0,0,0,False,False,False
2014-10-19,0,25,36,0,15,15,0,116,16627,108,0,116,517,0,0,0,0,0,False,False,False
2014-10-20,0,25,36,0,15,15,0,116,16651,108,0,116,517,0,0,0,0,0,False,False,False
2014-10-21,0,25,36,0,15,15,0,116,16675,108,0,116,517,0,0,0,0,0,False,False,False
2014-10-22,0,25,36,0,15,15,0,116,16699,108,0,116,517,0,0,0,0,0,False,False,False
2014-10-23,0,25,36,0,15,15,0,116,16724,108,0,116,517,0,0,0,0,0,False,False,False
2014-10-24,0,25,36,0,15,15,0,116,16747,108,0,116,517,0,0,0,0,0,False,False,False
2014-10-25,0,25,36,0,15,15,0,116,16771,108,0,116,517,0,0,0,0,0,False,False,False
2014-10-26,0,25,36,0,15,15,0,116,16795,108,0,116,517,0,0,0,0,0,False,False,False
2014-10-27,0,25,36,0,15,15,0,116,16819,108,0,116,517,0,0,0,0,0,False,False,False
2014-10-28,0,25,36,0,15,15,0,116,16843,108,0,116,517,0,0,0,0,0,False,False,False
2014-10-29,0,24,36,0,15,15,0,116,16867,108,0,116,517,0,0,0,0,0,False,False,False
2014-10-30,0,24,36,0,15,15,0,116,16892,108,0,116,517,0,0,0,0,0,False,False,False
2014-10-31,0,25,36,0,15,15,0,116,16915,108,0,116,517,0,0,0,0,0,False,False,False
2014-11-01,0,25,36,0,15,15,0,116,16939,108,0,116,517,0,0,0,0,0,False,False,False
2014-11-03,0,24,37,0,15,15,0,117,16988,108,0,117,517,0,0,0,0,0,False,False,False
2014-11-04,0,29,37,0,15,15,0,117,17012,108,0,117,517,0,0,0,0,0,False,False,False
2014-11-05,0,29,37,0,15,15,0,117,17036,108,0,117,517,0,0,0,0,0,False,False,False
2014-11-06,0,29,37,0,15,15,0,117,17060,108,0,117,517,0,0,0,0,0,False,False,False
2014-11-07,0,28,37,0,15,15,0,117,17084,108,0,117,517,0,0,0,0,0,False,False,False
2014-11-08,0,30,37,0,15,15,0,117,17108,108,0,117,517,0,0,0,0,0,False,False,False
2014-11-09,0,28,37,0,15,15,0,117,17132,108,0,117,517,0,0,0,0,0,False,False,False
2014-11-10,0,29,37,0,15,15,0,117,17156,108,0,117,517,0,0,0,0,0,False,False,False
2014-11-11,0,28,37,0,15,15,0,117,17181,108,0,117,517,0,0,0,0,0,False,False,False
2014-11-12,0,26,37,0,15,15,0,117,17204,108,0,117,517,0,0,0,0,0,False,False,False
2014-11-13,0,28,37,0,15,15,0,117,17228,108,0,117,517,0,0,0,0,0,False,False,False
2014-11-14,0,28,37,0,15,15,0,117,17252,108,0,117,517,0,0,0,0,0,False,False,False
2014-11-15,0,29,37,0,15,15,0,117,17276,108,0,117,517,0,0,0,0,0,False,False,False
2014-11-16,0,28,37,0,15,15,0,117,17300,108,0,117,517,0,0,0,0,0,False,False,False
2014-11-17,0,27,37,0,15,15,0,117,17324,108,0,117,517,0,0,0,0,0,False,False,False
2014-11-18,0,29,37,0,15,15,0,117,17348,108,0,117,517,0,0,0,0,0,False,False,False
2014-11-19,0,28,37,0,15,15,0,117,17372,108,0,117,517,0,0,0,0,0,False,False,False
2014-11-20,0,29,37,0,15,15,0,117,17396,108,0,117,517,0,0,0,0,0,False,False,False
2014-11-21,0,27,37,65536,15,15,0,117,17421,108,0,117,517,0,0,0,0,0,False,False,False
2014-11-22,0,29,37,0,15,15,0,117,17444,108,0,117,517,0,0,0,0,0,False,False,False
2014-11-23,0,27,37,0,15,15,0,117,17468,108,0,117,517,0,0,0,0,0,False,False,False
2014-11-24,0,29,37,0,15,15,0,117,17492,108,0,117,517,0,0,0,0,0,False,False,False
2014-11-25,0,28,37,0,15,15,0,117,17516,108,0,117,517,0,0,0,0,0,False,False,False
2014-11-26,0,30,36,0,15,15,0,117,17540,108,0,117,517,0,0,0,0,0,False,False,False
2014-11-27,0,30,36,0,15,15,0,118,17565,108,0,118,517,0,0,0,0,0,False,False,False
2014-11-28,0,29,36,0,15,15,0,118,17588,108,0,118,517,0,0,0,0,0,False,False,False
2014-11-29,0,29,36,0,15,15,0,119,17612,108,0,119,517,0,0,0,0,0,False,False,False
2014-11-30,0,29,36,0,15,15,0,119,17636,108,0,119,517,0,0,0,0,0,False,False,False
2014-12-01,0,29,36,0,15,15,0,119,17661,108,0,119,517,0,0,0,0,0,False,False,False
2014-12-02,0,29,36,0,15,15,0,119,17684,108,0,119,517,0,0,0,0,0,False,False,False
2014-12-03,0,27,36,0,15,15,0,119,17708,108,0,119,517,0,0,0,0,0,False,False,False
2014-12-04,0,27,36,0,15,15,0,119,17733,108,0,119,517,0,0,0,0,0,False,False,False
2014-12-05,0,27,36,0,15,15,0,119,17756,108,0,119,517,0,0,0,0,0,False,False,False
2014-12-06,0,28,36,0,15,15,0,119,17780,108,0,119,517,0,0,0,0,0,False,False,False
2014-12-07,0,30,36,0,15,15,0,119,17805,108,0,119,517,0,0,0,0,0,False,False,False
2014-12-08,0,29,36,0,15,15,0,119,17828,108,0,119,517,0,0,0,0,0,False,False,False
2014-12-09,0,30,36,0,15,15,0,119,17852,108,0,119,517,0,0,0,0,0,False,False,False
2014-12-10,0,30,36,0,15,15,0,119,17877,108,0,119,517,0,0,0,0,0,False,False,False
2014-12-11,0,28,36,0,15,15,0,119,17900,108,0,119,517,0,0,0,0,0,False,False,False
2014-12-12,0,28,36,0,15,15,0,119,17924,108,0,119,517,0,0,0,0,0,False,False,False
2014-12-13,0,27,36,0,15,15,0,119,17948,108,0,119,517,0,0,0,0,0,False,False,False
2014-12-14,0,29,36,0,15,15,0,119,17973,108,0,119,517,0,0,0,0,0,False,False,False
2014-12-15,0,30,36,0,15,15,0,119,17996,108,0,119,517,0,0,0,0,0,False,False,False
2014-12-16,0,29,36,0,15,15,0,119,18020,108,0,119,517,0,0,0,0,0,False,False,False
2014-12-17,0,26,36,0,15,15,0,119,18045,108,0,119,517,0,0,0,0,0,False,False,False
2014-12-18,0,29,37,0,15,15,0,120,18068,108,0,120,517,0,0,0,0,0,False,False,False
2014-12-19,0,27,37,0,15,15,0,120,18092,108,0,120,517,0,0,0,0,0,False,False,False
2014-12-20,0,26,37,0,15,15,0,121,18116,108,0,121,517,0,0,0,0,0,False,False,False
2014-12-21,0,27,37,0,15,15,0,122,18140,108,0,122,517,0,0,0,0,0,False,False,False
2014-12-22,0,26,37,0,15,15,0,122,18164,108,0,122,517,0,0,0,0,0,False,False,False
2014-12-23,0,27,37,0,15,15,0,122,18188,108,0,122,517,0,0,0,0,0,False,False,False
2014-12-24,0,26,37,0,15,15,0,122,18213,108,0,122,517,0,0,0,0,0,False,False,False
2014-12-25,0,26,37,0,15,15,0,122,18236,108,0,122,517,0,0,0,0,0,False,False,False
2014-12-26,0,26,37,0,15,15,0,122,18260,108,0,122,517,0,0,0,0,0,False,False,False
2014-12-27,0,26,37,0,15,15,0,122,18285,108,0,122,517,0,0,0,0,0,False,False,False
2014-12-28,0,26,37,0,15,15,0,122,18308,108,0,122,517,0,0,0,0,0,False,False,False
2014-12-29,0,26,37,0,15,15,0,122,18332,108,0,122,517,0,0,0,0,0,False,False,False
2014-12-30,0,26,37,0,15,15,0,122,18357,108,0,122,517,0,0,0,0,0,False,False,False
2014-12-31,0,26,37,0,15,15,0,122,18380,108,0,122,517,0,0,0,0,0,False,False,False
2015-01-01,0,27,37,0,15,15,0,122,18404,108,0,122,517,0,0,0,0,0,False,False,False
2015-01-02,0,27,37,0,15,15,0,122,18428,108,0,122,517,0,0,0,0,0,False,False,False
2015-01-03,0,26,37,0,15,15,0,122,18453,108,0,122,517,0,0,0,0,0,False,False,False
2015-01-04,0,26,37,0,15,15,0,122,18476,108,0,122,517,0,0,0,0,0,False,False,False
2015-01-05,0,27,37,0,15,15,0,122,18500,108,0,122,517,0,0,0,0,0,False,False,False
2015-01-06,0,29,37,0,15,15,0,122,18525,108,0,122,517,0,0,0,0,0,False,False,False
2015-01-07,0,29,37,0,15,15,0,122,18548,108,0,122,517,0,0,0,0,0,False,False,False
2015-01-08,0,29,37,0,15,15,0,122,18572,108,0,122,517,0,0,0,0,0,False,False,False
2015-01-09,0,30,37,0,15,15,0,122,18596,108,0,122,517,0,0,0,0,0,False,False,False
2015-01-10,0,29,37,0,15,15,0,122,18620,108,0,122,517,0,0,0,0,0,False,False,False
2015-01-11,0,28,37,0,15,15,0,122,18644,108,0,122,517,0,0,0,0,0,False,False,False
2015-01-12,0,30,37,0,15,15,0,122,18668,108,0,122,517,0,0,0,0,0,False,False,False
2015-01-13,0,30,37,0,15,15,0,122,18692,108,0,122,517,0,0,0,0,0,False,False,False
2015-01-14,0,30,37,0,15,15,0,122,18716,108,0,122,517,0,0,0,0,0,False,False,False
2015-01-15,0,30,37,0,15,15,0,122,18740,108,0,122,517,0,0,0,0,0,False,False,False
2015-01-16,0,30,37,0,15,15,0,122,18765,108,0,122,517,0,0,0,0,0,False,False,False
2015-01-17,0,30,37,0,15,15,0,122,18788,108,0,122,517,0,0,0,0,0,False,False,False
2015-01-18,0,30,37,0,15,15,0,122,18812,108,0,122,517,0,0,0,0,0,False,False,False
2015-01-19,0,31,37,0,15,15,0,122,18837,108,0,122,517,0,0,0,0,0,False,False,False
2015-01-20,0,30,37,0,15,15,0,122,18860,108,0,122,517,0,0,0,0,0,False,False,False
2015-01-21,0,30,37,0,15,15,0,122,18884,108,0,122,517,0,0,0,0,0,False,False,False
2015-01-22,0,29,37,0,15,15,0,122,18908,108,0,122,517,0,0,0,0,0,False,False,False
2015-01-23,0,29,37,0,15,15,0,122,18932,108,0,122,517,0,0,0,0,0,False,False,False
2015-01-24,0,29,37,0,15,15,0,122,18956,108,0,122,517,0,0,0,0,0,False,False,False
2015-01-25,0,25,37,0,15,15,0,122,18980,108,0,122,517,0,0,0,0,0,False,False,False
2015-01-26,0,28,37,0,15,15,0,122,19005,108,0,122,517,0,0,0,0,0,False,False,False
2015-01-27,0,26,37,0,15,15,0,122,19028,108,0,122,517,0,0,0,0,0,False,False,False
2015-01-28,0,26,37,0,15,15,0,122,19052,108,0,122,517,0,0,0,0,0,False,False,False
2015-01-29,0,30,37,0,15,15,0,122,19077,108,0,122,517,0,0,0,0,0,False,False,False
2015-01-30,0,30,37,0,15,15,0,122,19100,108,0,122,517,0,0,0,0,0,False,False,False
2015-01-31,0,30,37,0,15,15,0,122,19124,108,0,122,517,0,0,0,0,0,False,False,False
2015-02-01,0,29,37,0,15,15,0,122,19149,108,0,122,517,0,0,0,0,0,False,False,False
2015-02-02,0,30,37,0,15,15,0,122,19172,108,0,122,517,0,0,0,0,0,False,False,False
2015-02-03,0,30,37,0,15,15,0,122,19196,108,0,122,517,0,0,0,0,0,False,False,False
2015-02-04,0,30,37,0,15,15,0,122,19220,108,0,122,517,0,0,0,0,0,False,False,False
2015-02-05,0,26,37,0,15,15,0,122,19245,108,0,122,517,0,0,0,0,0,False,False,False
2015-02-06,0,30,37,0,15,15,0,122,19268,108,0,122,517,0,0,0,0,0,False,False,False
2015-02-07,0,30,37,0,15,15,0,122,19292,108,0,122,517,0,0,0,0,0,False,False,False
2015-02-08,0,29,37,0,15,15,0,122,19317,108,0,122,517,0,0,0,0,0,False,False,False
2015-02-09,0,29,37,0,15,15,0,123,19340,108,0,123,517,0,0,0,0,0,False,False,False
2015-02-10,0,29,37,0,15,15,0,124,19364,108,0,124,517,0,0,0,0,0,False,False,False
2015-02-11,0,29,37,0,15,15,0,124,19388,108,0,124,517,0,0,0,0,0,False,False,False
2015-02-12,0,30,37,0,15,15,0,124,19412,108,0,124,517,0,0,0,0,0,False,False,False
2015-02-13,0,30,37,65536,15,15,0,124,19436,108,0,124,517,0,0,0,0,0,False,False,False
2015-02-14,0,30,37,0,15,15,0,124,19461,108,0,124,517,0,0,0,0,0,False,False,False
2015-02-15,0,30,37,0,15,15,0,124,19484,108,0,124,517,0,0,0,0,0,False,False,False
2015-02-16,0,30,37,0,15,15,0,124,19508,108,0,124,517,0,0,0,0,0,False,False,False
2015-02-17,0,29,37,0,15,15,0,124,19532,108,0,124,517,0,0,0,0,0,False,False,False
2015-02-18,0,31,36,0,15,15,0,125,19557,108,0,125,517,0,0,0,0,0,False,False,False
2015-02-19,0,31,36,0,15,15,0,126,19580,108,0,126,517,0,0,0,0,0,False,False,False
2015-02-20,0,31,36,0,15,15,0,126,19604,108,0,126,517,0,0,0,0,0,False,False,False
2015-02-21,0,31,36,0,15,15,0,126,19628,108,0,126,517,0,0,0,0,0,False,False,False
2015-02-22,0,30,36,0,15,15,0,126,19653,108,0,126,517,0,0,0,0,0,False,False,False
2015-02-23,0,30,36,0,15,15,0,126,19676,108,0,126,517,0,0,0,0,0,False,False,False
2015-02-24,0,30,36,0,15,15,0,126,19700,108,0,126,517,0,0,0,0,0,False,False,False
2015-02-25,0,30,36,0,15,15,0,126,19725,108,0,126,517,0,0,0,0,0,False,False,False
2015-02-26,0,29,36,0,15,15,0,126,19748,108,0,126,517,0,0,0,0,0,False,False,False
2015-02-27,0,31,36,0,15,15,0,126,19772,108,0,126,517,0,0,0,0,0,False,False,False
2015-02-28,0,29,36,0,15,15,0,126,19797,108,0,126,517,0,0,0,0,0,False,False,False
2015-03-01,0,31,36,0,15,15,0,126,19821,108,0,126,517,0,0,0,0,0,False,False,False
2015-03-02,0,30,36,0,15,15,0,126,19844,108,0,126,517,0,0,0,0,0,False,False,False
2015-03-03,0,31,36,0,15,15,0,126,19868,108,0,126,517,0,0,0,0,0,False,False,False
2015-03-04,0,29,36,0,15,15,0,126,19893,108,0,126,517,0,0,0,0,0,False,False,False
2015-03-05,0,29,37,0,15,15,0,126,19916,108,0,126,517,0,0,0,0,0,False,False,False
2015-03-06,0,30,37,0,15,15,0,127,19940,108,0,127,517,0,0,0,0,0,False,False,False
2015-03-07,0,30,37,0,15,15,0,127,19965,108,0,127,517,0,0,0,0,0,False,False,False
2015-03-08,0,30,37,0,15,15,0,127,19988,108,0,127,517,0,0,0,0,0,False,False,False
2015-03-09,0,30,37,0,15,15,0,127,20012,108,0,127,517,0,0,0,0,0,False,False,False
2015-03-10,0,29,37,0,15,15,0,127,20035,108,0,127,517,0,0,0,0,0,False,False,False
2015-03-11,0,28,37,65536,15,15,0,127,20060,108,0,127,517,0,0,0,0,0,False,False,False
2015-03-12,0,29,37,0,15,15,0,127,20083,108,0,127,517,0,0,0,0,0,False,False,False
2015-03-13,0,28,37,0,15,15,0,127,20107,108,0,127,517,0,0,0,0,0,False,False,False
2015-03-14,0,28,37,0,15,15,0,127,20131,108,0,127,517,0,0,0,0,0,False,False,False
2015-03-15,0,27,37,0,15,15,0,127,20156,108,0,127,517,0,0,0,0,0,False,False,False
2015-03-16,0,30,37,0,15,15,0,127,20179,108,0,127,517,0,0,0,0,0,False,False,False
2015-03-17,0,28,37,0,15,15,0,127,20203,108,0,127,517,0,0,0,0,0,False,False,False
2015-03-18,0,25,37,0,15,15,0,127,20228,108,0,127,517,0,0,0,0,0,False,False,False
2015-03-19,0,24,37,0,15,15,0,127,20251,108,0,127,517,0,0,0,0,0,False,False,False
2015-03-20,0,32,37,0,15,15,0,127,20275,108,0,127,517,0,0,0,0,0,False,False,False
2015-03-21,0,31,37,0,15,15,0,127,20300,108,0,127,517,0,0,0,0,0,False,False,False
2015-03-22,0,30,37,0,15,15,0,127,20323,108,0,127,517,0,0,0,0,0,False,False,False
2015-03-23,0,31,37,0,15,15,0,127,20347,108,0,127,517,0,0,0,0,0,False,False,False
2015-03-24,0,31,37,0,15,15,0,127,20372,108,0,127,517,0,0,0,0,0,False,False,False
2015-03-25,0,31,37,0,15,15,0,127,20396,108,0,127,517,0,0,0,0,0,False,False,False
2015-03-26,0,32,37,0,15,15,0,127,20419,108,0,127,517,0,0,0,0,0,False,False,False
2015-03-27,0,31,37,0,15,15,0,127,20443,108,0,127,517,0,0,0,0,0,False,False,False
2015-03-28,0,32,37,0,15,15,0,127,20468,108,0,127,517,0,0,0,0,0,False,False,False
2015-03-29,0,32,37,0,15,15,0,127,20491,108,0,127,517,0,0,0,0,0,False,False,False
2015-03-30,0,32,37,0,15,15,0,127,20515,108,0,127,517,0,0,0,0,0,False,False,False
2015-03-31,0,32,37,0,15,15,0,127,20540,108,0,127,517,0,0,0,0,0,False,False,False
2015-04-01,0,30,37,0,15,15,0,127,20563,108,0,127,517,0,0,0,0,0,False,False,False
2015-04-02,0,31,37,0,15,15,0,127,20587,108,0,127,517,0,0,0,0,0,False,False,False
2015-04-03,0,31,37,0,15,15,0,127,20612,108,0,127,517,0,0,0,0,0,False,False,False
2015-04-04,0,31,37,0,15,15,0,127,20636,108,0,127,517,0,0,0,0,0,False,False,False
2015-04-05,0,31,37,0,15,15,0,127,20659,108,0,127,517,0,0,0,0,0,False,False,False
2015-04-06,0,31,37,0,15,15,0,127,20683,108,0,127,517,0,0,0,0,0,False,False,False
2015-04-07,0,31,37,0,15,15,0,127,20708,108,0,127,517,0,0,0,0,0,False,False,False
2015-04-08,0,31,37,0,15,15,0,127,20731,108,0,127,517,0,0,0,0,0,False,False,False
2015-04-09,0,31,37,0,15,15,0,127,20755,108,0,127,517,0,0,0,0,0,False,False,False
2015-04-10,0,32,37,0,15,15,0,127,20780,108,0,127,517,0,0,0,0,0,False,False,False
2015-04-11,0,31,37,0,15,15,0,127,20803,108,0,127,517,0,0,0,0,0,False,False,False
2015-04-12,0,31,37,0,15,15,0,127,20827,108,0,127,517,0,0,0,0,0,False,False,False
2015-04-13,0,31,37,0,15,15,0,127,20852,108,0,127,517,0,0,0,0,0,False,False,False
2015-04-14,0,25,37,0,15,15,0,127,20875,108,0,127,517,0,0,0,0,0,False,False,False
2015-04-15,0,25,37,0,15,15,0,128,20899,108,0,128,517,0,0,0,0,0,False,False,False
2015-04-16,0,25,37,0,15,15,0,129,20924,108,0,129,517,0,0,0,0,0,False,False,False
2015-04-17,0,24,37,0,15,15,0,129,20948,108,0,129,517,0,0,0,0,0,False,False,False
2015-04-18,0,25,37,0,15,15,0,130,20971,108,0,130,517,0,0,0,0,0,False,False,False
2015-04-19,0,24,37,0,15,15,0,130,20995,108,0,130,517,0,0,0,0,0,False,False,False
2015-04-20,0,25,37,0,15,15,0,130,21020,108,0,130,517,0,0,0,0,0,False,False,False
2015-04-21,0,25,37,65536,15,15,0,130,21043,108,0,130,517,0,0,0,0,0,False,False,False
2015-04-22,0,25,37,0,15,15,0,130,21067,108,0,130,517,0,0,0,0,0,False,False,False
2015-04-23,0,26,36,0,15,15,0,131,21092,108,0,131,517,0,0,0,0,0,False,False,False
2015-04-24,0,25,36,0,15,15,0,131,21115,108,0,131,517,0,0,0,0,0,False,False,False
2015-04-25,0,25,36,0,15,15,0,131,21139,108,0,131,517,0,0,0,0,0,False,False,False
2015-04-26,0,25,36,0,15,15,0,131,21163,108,0,131,517,0,0,0,0,0,False,False,False
2015-04-27,0,25,36,0,15,15,0,131,21188,108,0,131,517,0,0,0,0,0,False,False,False
2015-04-28,0,26,36,0,15,15,0,131,21211,108,0,131,517,0,0,0,0,0,False,False,False
2015-04-29,0,26,36,0,15,15,0,131,21235,108,0,131,517,0,0,0,0,0,False,False,False
2015-04-30,0,26,36,1,15,15,0,132,21260,108,0,132,517,0,0,0,0,0,False,False,False
2015-05-01,0,24,36,0,15,15,0,132,21283,108,0,132,517,0,0,0,0,0,False,False,False
2015-05-02,0,25,36,0,15,15,0,132,21307,108,0,132,517,0,0,0,0,0,False,False,False
2015-05-03,0,27,36,0,15,15,0,132,21332,108,0,132,517,0,0,0,0,0,False,False,False
2015-05-04,0,27,36,1,15,15,0,132,21355,108,0,132,517,0,0,0,0,0,False,False,False
2015-05-05,0,26,36,0,15,15,0,132,21379,108,0,132,517,0,0,0,0,0,False,False,False
2015-05-06,0,27,36,0,15,15,0,132,21404,108,0,132,517,0,0,0,0,0,False,False,False
2015-05-07,0,25,36,0,15,15,0,132,21428,108,0,132,517,0,0,0,0,0,False,False,False
2015-05-08,0,25,36,0,15,15,0,132,21451,108,0,132,517,0,0,0,0,0,False,False,False
2015-05-09,0,27,36,0,15,15,0,132,21475,108,0,132,517,0,0,0,0,0,False,False,False
2015-05-10,0,25,36,0,15,15,0,132,21500,108,0,132,517,0,0,0,0,0,False,False,False
2015-05-11,0,27,36,0,15,15,0,132,21523,108,0,132,517,0,0,0,0,0,False,False,False
2015-05-12,0,26,36,0,15,15,0,132,21547,108,0,132,517,0,0,0,0,0,False,False,False
2015-05-13,0,26,37,0,15,15,0,133,21572,108,0,133,517,0,0,0,0,0,False,False,False
2015-05-14,0,27,37,0,15,15,0,133,21595,108,0,133,517,0,0,0,0,0,False,False,False
2015-05-15,0,28,37,0,15,15,0,133,21619,108,0,133,517,0,0,0,0,0,False,False,False
2015-05-16,0,27,37,0,15,15,0,133,21643,108,0,133,517,0,0,0,0,0,False,False,False
2015-05-17,0,25,37,0,15,15,0,133,21668,108,0,133,517,0,0,0,0,0,False,False,False
2015-05-18,0,25,37,0,15,15,0,133,21691,108,0,133,517,0,0,0,0,0,False,False,False
2015-05-19,0,26,37,0,15,15,0,133,21715,108,0,133,517,0,0,0,0,0,False,False,False
2015-05-20,0,25,37,0,15,15,0,134,21740,108,0,134,517,0,0,0,0,0,False,False,False
2015-05-21,0,27,37,0,15,15,0,135,21763,108,0,135,517,0,0,0,0,0,False,False,False
2015-05-22,0,25,37,0,15,15,0,135,21787,108,0,135,517,0,0,0,0,0,False,False,False
2015-05-23,0,24,37,0,15,15,0,135,21812,108,0,135,517,0,0,0,0,0,False,False,False
2015-05-24,0,26,37,0,15,15,0,135,21835,108,0,135,517,0,0,0,0,0,False,False,False
2015-05-25,0,26,37,0,15,15,0,135,21859,108,0,135,517,0,0,0,0,0,False,False,False
2015-05-26,0,26,37,0,15,15,0,135,21883,108,0,135,517,0,0,0,0,0,False,False,False
2015-05-27,0,24,37,0,15,15,0,135,21908,108,0,135,517,0,0,0,0,0,False,False,False
2015-05-28,0,23,37,0,15,15,0,135,21931,108,0,135,517,0,0,0,0,0,False,False,False
2015-05-29,0,26,37,0,15,15,0,135,21956,108,0,135,517,0,0,0,0,0,False,False,False
2015-05-30,0,25,37,65536,15,15,0,135,21980,108,0,135,517,0,0,0,0,0,False,False,False
2015-05-31,0,23,37,0,15,15,0,135,22003,108,0,135,517,0,0,0,0,0,False,False,False
2015-06-01,0,26,37,0,15,15,0,135,22027,108,0,135,517,0,0,0,0,0,False,False,False
2015-06-02,0,23,37,0,15,15,0,135,22052,108,0,135,517,0,0,0,0,0,False,False,False
2015-06-03,0,22,37,0,15,15,0,135,22075,108,0,135,517,0,0,0,0,0,False,False,False
2015-06-04,0,23,37,0,15,15,0,135,22099,108,0,135,517,0,0,0,0,0,False,False,False
2015-06-05,0,24,37,0,15,15,0,135,22124,108,0,135,517,0,0,0,0,0,False,False,False
2015-06-06,0,24,37,0,15,15,0,135,22148,108,0,135,517,0,0,0,0,0,False,False,False
2015-06-07,0,27,37,0,15,15,0,135,22171,108,0,135,517,0,0,0,0,0,False,False,False
2015-06-08,0,23,37,0,15,15,0,135,22195,108,0,135,517,0,0,0,0,0,False,False,False
2015-06-09,0,23,37,1,15,15,0,136,22220,108,0,136,517,0,0,0,0,0,False,False,False
2015-06-10,0,26,37,0,15,15,0,136,22243,108,0,136,517,0,0,0,0,0,False,False,False
2015-06-11,0,23,37,0,15,15,0,136,22267,108,0,136,517,0,0,0,0,0,False,False,False
2015-06-12,0,24,37,0,15,15,0,136,22292,108,0,136,517,0,0,0,0,0,False,False,False
2015-06-13,0,23,37,0,15,15,0,136,22315,108,0,136,517,0,0,0,0,0,False,False,False
2015-06-14,0,25,37,0,15,15,0,136,22339,108,0,136,517,0,0,0,0,0,False,False,False
2015-06-15,0,23,37,0,15,15,0,136,22364,108,0,136,517,0,0,0,0,0,False,False,False
2015-06-16,0,23,37,0,15,15,0,136,22388,108,0,136,517,0,0,0,0,0,False,False,False
2015-06-17,0,23,37,65536,15,15,0,136,22411,108,0,136,517,0,0,0,0,0,False,False,False
2015-06-18,0,22,37,0,15,15,0,136,22435,108,0,136,517,0,0,0,0,0,False,False,False
2015-06-19,0,24,37,0,15,15,0,136,22460,108,0,136,517,0,0,0,0,0,False,False,False
2015-06-20,0,24,37,0,15,15,0,136,22483,108,0,136,517,0,0,0,0,0,False,False,False
2015-06-21,0,25,37,0,15,15,0,136,22507,108,0,136,517,0,0,0,0,0,False,False,False
2015-06-22,0,27,37,0,15,15,0,136,22532,108,0,136,517,0,0,0,0,0,False,False,False
2015-06-23,0,27,37,0,15,15,0,136,22555,108,0,136,517,0,0,0,0,0,False,False,False
2015-06-24,0,27,37,0,15,15,0,136,22579,108,0,136,517,0,0,0,0,0,False,False,False
2015-06-25,0,31,37,0,15,15,0,136,22604,108,0,136,517,0,0,0,0,0,False,False,False
2015-06-26,0,30,37,0,15,15,0,136,22628,108,0,136,517,0,0,0,0,0,False,False,False
2015-06-27,0,31,37,0,15,15,0,136,22651,108,0,136,517,0,0,0,0,0,False,False,False
2015-06-28,0,31,37,0,15,15,0,136,22676,108,0,136,517,0,0,0,0,0,False,False,False
2015-06-29,0,27,37,0,15,15,0,136,22700,108,0,136,517,0,0,0,0,0,False,False,False
2015-06-30,0,31,37,0,15,15,0,136,22723,108,0,136,517,0,0,0,0,0,False,False,False
2015-07-01,0,30,37,0,15,15,0,136,22747,108,0,136,517,0,0,0,0,0,False,False,False
2015-07-02,0,31,37,0,15,15,0,137,22772,108,0,137,517,0,0,0,0,0,False,False,False
2015-07-03,0,31,37,0,15,15,0,138,22795,108,0,138,517,0,0,0,0,0,False,False,False
2015-07-04,0,31,37,0,15,15,0,138,22819,108,0,138,517,0,0,0,0,0,False,False,False
2015-07-05,0,31,37,0,15,15,0,138,22844,108,0,138,517,0,0,0,0,0,False,False,False
2015-07-06,0,31,37,0,15,15,0,138,22868,108,0,138,517,0,0,0,0,0,False,False,False
2015-07-07,0,31,37,0,15,15,0,138,22891,108,0,138,517,0,0,0,0,0,False,False,False
2015-07-08,0,31,37,0,15,15,0,138,22915,108,0,138,517,0,0,0,0,0,False,False,False
2015-07-09,0,31,37,0,15,15,0,138,22940,108,0,138,517,0,0,0,0,0,False,False,False
2015-07-10,0,30,37,0,15,15,0,138,22963,108,0,138,517,0,0,0,0,0,False,False,False
2015-07-11,0,30,37,0,15,15,0,138,22987,108,0,138,517,0,0,0,0,0,False,False,False
2015-07-12,0,31,37,0,15,15,0,138,23012,108,0,138,517,0,0,0,0,0,False,False,False
2015-07-13,0,31,37,0,15,15,0,138,23035,108,0,138,517,0,0,0,0,0,False,False,False
2015-07-14,0,30,37,0,15,15,0,138,23059,108,0,138,517,0,0,0,0,0,False,False,False
2015-07-15,0,31,37,0,15,15,0,138,23084,108,0,138,517,0,0,0,0,0,False,False,False
2015-07-16,0,31,37,0,15,15,0,139,23107,108,0,139,517,0,0,0,0,0,False,False,False
2015-07-17,0,30,37,0,15,15,0,140,23131,108,0,140,517,0,0,0,0,0,False,False,False
2015-07-18,0,30,37,0,15,15,0,140,23156,108,0,140,517,0,0,0,0,0,False,False,False
2015-07-19,0,30,35,0,15,15,0,141,23180,108,0,141,517,0,0,0,0,0,False,False,False
2015-07-20,0,31,35,0,15,15,0,142,23203,108,0,142,517,0,0,0,0,0,False,False,False
2015-07-21,0,30,35,0,15,15,0,142,23228,108,0,142,517,0,0,0,0,0,False,False,False
2015-07-22,0,31,35,0,15,15,0,142,23251,108,0,142,517,0,0,0,0,0,False,False,False
2015-07-23,0,31,35,0,15,15,0,142,23275,108,0,142,517,0,0,0,0,0,False,False,False
2015-07-24,0,30,35,0,15,15,0,142,23300,108,0,142,517,0,0,0,0,0,False,False,False
2015-07-25,0,29,35,0,15,15,0,142,23324,108,0,142,517,0,0,0,0,0,False,False,False
2015-07-26,0,24,35,0,15,15,0,142,23347,108,0,142,517,0,0,0,0,0,False,False,False
2015-07-27,0,24,35,0,15,15,0,142,23371,108,0,142,517,0,0,0,0,0,False,False,False
2015-07-28,0,31,35,0,15,15,0,142,23396,108,0,142,517,0,0,0,0,0,False,False,False
2015-07-29,0,30,35,0,15,15,0,142,23419,108,0,142,517,0,0,0,0,0,False,False,False
2015-07-30,0,31,35,0,15,15,0,142,23443,108,0,142,517,0,0,0,0,0,False,False,False
2015-07-31,0,26,37,0,15,15,0,143,23468,108,0,143,517,0,0,0,0,0,False,False,False
2015-08-01,0,31,37,0,15,15,0,144,23492,108,0,144,517,0,0,0,0,0,False,False,False
2015-08-02,0,31,37,0,15,15,0,144,23515,108,0,144,517,0,0,0,0,0,False,False,False
2015-08-03,0,30,37,0,15,15,0,145,23540,108,0,145,517,0,0,0,0,0,False,False,False
2015-08-04,0,29,37,0,15,15,0,145,23564,108,0,145,517,0,0,0,0,0,False,False,False
2015-08-05,0,29,37,0,15,15,0,145,23587,108,0,145,517,0,0,0,0,0,False,False,False
2015-08-06,0,30,37,0,15,15,0,145,23612,108,0,145,517,0,0,0,0,0,False,False,False
2015-08-07,0,31,37,0,15,15,0,145,23636,108,0,145,517,0,0,0,0,0,False,False,False
2015-08-08,0,31,37,0,15,15,0,145,23659,108,0,145,517,0,0,0,0,0,False,False,False
2015-08-09,0,31,37,0,15,15,0,146,23683,108,0,146,517,0,0,0,0,0,False,False,False
2015-08-10,0,31,37,0,15,15,0,146,23708,108,0,146,517,0,0,0,0,0,False,False,False
2015-08-11,0,30,37,0,15,15,0,146,23731,108,0,146,517,0,0,0,0,0,False,False,False
2015-08-12,0,29,37,1,15,15,0,146,23756,108,0,146,517,0,0,0,0,0,False,False,False
2015-08-13,0,30,37,0,15,15,0,147,23780,108,0,147,517,0,0,0,0,0,False,False,False
2015-08-14,0,30,37,0,15,15,0,147,23804,108,0,147,517,0,0,0,0,0,False,False,False
2015-08-15,0,30,37,0,15,15,0,147,23827,108,0,147,517,0,0,0,0,0,False,False,False
2015-08-16,0,31,36,0,15,15,0,148,23851,108,0,148,517,0,0,0,0,0,False,False,False
2015-08-17,0,29,36,0,15,15,0,149,23876,108,0,149,517,0,0,0,0,0,False,False,False
2015-08-18,0,31,36,0,15,15,0,149,23899,108,0,149,517,0,0,0,0,0,False,False,False
2015-08-19,0,31,37,0,15,15,0,150,23923,108,0,150,517,0,0,0,0,0,False,False,False
2015-08-20,0,28,37,0,15,15,0,150,23948,108,0,150,517,0,0,0,0,0,False,False,False
2015-08-21,0,29,37,0,15,15,0,150,23972,108,0,150,517,0,0,0,0,0,False,False,False
2015-08-22,0,29,37,0,15,15,0,151,23995,108,0,151,517,0,0,0,0,0,False,False,False
2015-08-23,0,31,37,0,15,15,0,151,24020,108,0,151,517,0,0,0,0,0,False,False,False
2015-08-24,0,28,37,0,15,15,0,151,24044,108,0,151,517,0,0,0,0,0,False,False,False
2015-08-25,0,30,37,0,15,15,0,152,24067,108,0,152,517,0,0,0,0,0,False,False,False
2015-08-26,0,29,37,0,15,15,0,153,24091,108,0,153,517,0,0,0,0,0,False,False,False
2015-08-27,0,30,37,0,15,15,0,153,24116,108,0,153,517,0,0,0,0,0,False,False,False
2015-08-28,0,30,37,0,15,15,0,154,24140,108,0,154,517,0,0,0,0,0,False,False,False
2015-08-29,0,31,37,0,15,15,0,154,24163,108,0,154,517,0,0,0,0,0,False,False,False
2015-08-30,0,29,37,0,15,15,0,154,24187,108,0,154,517,0,0,0,0,0,False,False,False
2015-08-31,0,30,37,0,15,15,0,155,24212,108,0,155,517,0,0,0,0,0,False,False,False
2015-09-01,0,28,37,0,15,15,0,156,24235,108,0,156,517,0,0,0,0,0,False,False,False
2015-09-02,0,31,37,0,15,15,0,157,24259,108,0,157,517,0,0,0,0,0,False,False,False
2015-09-03,0,29,37,0,15,15,0,157,24284,108,0,157,517,0,0,0,0,0,False,False,False
2015-09-04,0,30,37,0,15,15,0,157,24307,108,0,157,517,0,0,0,0,0,False,False,False
2015-09-05,0,31,37,0,15,15,0,158,24331,108,0,158,517,0,0,0,0,0,False,False,False
2015-09-06,0,31,36,0,15,15,0,159,24356,108,0,159,517,0,0,0,0,0,False,False,False
2015-09-07,0,31,36,0,15,15,0,160,24380,108,0,160,517,0,0,0,0,0,False,False,False
2015-09-08,0,30,36,0,15,15,0,160,24403,108,0,160,517,0,0,0,0,0,False,False,False
2015-09-09,0,30,37,0,15,15,0,161,24427,108,0,161,517,0,0,0,0,0,False,False,False
2015-09-10,0,29,37,0,15,15,0,161,24452,108,0,161,517,0,0,0,0,0,False,False,False
2015-09-11,0,29,37,0,15,15,0,162,24475,108,0,162,517,0,0,0,0,0,False,False,False
2015-09-12,0,30,37,0,15,15,0,162,24499,108,0,162,517,0,0,0,0,0,False,False,False
2015-09-13,0,30,37,0,15,15,0,163,24524,108,0,163,517,0,0,0,0,0,False,False,False
2015-09-14,0,31,37,0,15,15,0,164,24547,108,0,164,517,0,0,0,0,0,False,False,False
2015-09-15,0,30,37,0,15,15,0,164,24571,108,0,164,517,0,0,0,0,0,False,False,False
2015-09-16,0,29,37,0,15,15,0,165,24596,108,0,165,517,0,0,0,0,0,False,False,False
2015-09-17,0,30,37,0,15,15,0,165,24620,108,0,165,517,0,0,0,0,0,False,False,False
2015-09-18,0,30,37,0,15,15,0,165,24643,108,0,165,517,0,0,0,0,0,False,False,False
2015-09-19,0,29,37,0,15,15,0,166,24668,108,0,166,517,0,0,0,0,0,False,False,False
2015-09-20,0,29,37,0,15,15,0,167,24692,108,0,167,517,0,0,0,0,0,False,False,False
2015-09-21,0,30,37,0,15,15,0,168,24715,108,0,168,517,0,0,0,0,0,False,False,False
2015-09-22,0,31,37,0,15,15,0,168,24739,108,0,168,517,0,0,0,0,0,False,False,False
2015-09-23,0,29,37,0,15,15,0,169,24764,108,0,169,517,0,0,0,0,0,False,False,False
2015-09-24,0,29,37,0,15,15,0,169,24787,108,0,169,517,0,0,0,0,0,False,False,False
2015-09-25,0,31,37,0,15,15,0,170,24811,108,0,170,517,0,0,0,0,0,False,False,False
2015-09-26,0,30,37,0,15,15,0,170,24836,108,0,170,517,0,0,0,0,0,False,False,False
2015-09-27,0,30,37,0,15,15,0,170,24859,108,0,170,517,0,0,0,0,0,False,False,False
2015-09-28,0,28,37,0,15,15,0,171,24883,108,0,171,517,0,0,0,0,0,False,False,False
2015-09-29,0,30,37,0,15,15,0,172,24908,108,0,172,517,0,0,0,0,0,False,False,False
2015-09-30,0,30,36,0,15,15,0,173,24932,108,0,173,517,0,0,0,0,0,False,False,False
2015-10-01,0,30,36,0,15,15,0,174,24955,108,0,174,517,0,0,0,0,0,False,False,False
2015-10-02,0,30,36,0,15,15,0,174,24980,108,0,174,517,0,0,0,0,0,False,False,False
2015-10-03,0,31,37,0,15,15,0,175,25004,108,0,175,517,0,0,0,0,0,False,False,False
2015-10-04,0,30,37,0,15,15,0,176,25027,108,0,176,517,0,0,0,0,0,False,False,False
2015-10-05,0,30,37,0,15,15,0,177,25052,108,0,177,517,0,0,0,0,0,False,False,False
2015-10-06,0,30,37,0,15,15,0,177,25076,108,0,177,517,0,0,0,0,0,False,False,False
2015-10-07,0,30,37,0,15,15,0,178,25099,108,0,178,517,0,0,0,0,0,False,False,False
2015-10-08,0,30,37,0,15,15,0,178,25123,108,0,178,517,0,0,0,0,0,False,False,False
2015-10-09,0,29,37,0,15,15,0,178,25148,108,0,178,517,0,0,0,0,0,False,False,False
2015-10-10,0,30,37,0,15,15,0,178,25172,108,0,178,517,0,0,0,0,0,False,False,False
2015-10-11,0,31,37,0,15,15,0,179,25195,108,0,179,517,0,0,0,0,0,False,False,False
2015-10-12,0,31,37,0,15,15,0,179,25219,108,0,179,517,0,0,0,0,0,False,False,False
2015-10-13,0,30,37,0,15,15,0,180,25244,108,0,180,517,0,0,0,0,0,False,False,False
2015-10-14,0,31,37,0,15,15,0,180,25267,108,0,180,517,0,0,0,0,0,False,False,False
2015-10-15,0,30,37,0,15,15,0,180,25291,108,0,180,517,0,0,0,0,0,False,False,False
2015-10-16,0,31,37,0,15,15,0,181,25316,108,0,181,517,0,0,0,0,0,False,False,False
2015-10-17,0,30,37,0,15,15,0,181,25339,108,0,181,517,0,0,0,0,0,False,False,False
2015-10-18,0,30,37,0,15,15,0,182,25363,108,0,182,517,0,0,0,0,0,False,False,False
2015-10-19,0,30,37,0,15,15,0,182,25388,108,0,182,517,0,0,0,0,0,False,False,False
2015-10-20,0,31,37,0,15,15,0,183,25412,108,0,183,517,0,0,0,0,0,False,False,False
2015-10-21,0,29,37,0,15,15,0,183,25435,108,0,183,517,0,0,0,0,0,False,False,False
2015-10-22,0,30,37,0,15,15,0,184,25459,108,0,184,517,0,0,0,0,0,False,False,False
2015-10-23,0,31,37,0,15,15,0,185,25484,108,0,185,517,0,0,0,0,0,False,False,False
2015-10-24,0,30,37,1,15,15,0,185,25508,108,0,185,517,0,0,0,0,0,False,False,False
2015-10-25,0,29,37,0,15,15,0,186,25531,108,0,186,517,0,0,0,0,0,False,False,False
2015-10-26,0,30,37,0,15,15,0,186,25555,108,0,186,517,0,0,0,0,0,False,False,False
2015-10-27,0,31,37,0,15,15,0,187,25580,108,0,187,517,0,0,0,0,0,False,False,False
2015-10-29,0,30,36,0,15,15,0,189,25628,108,0,189,517,0,0,0,0,0,False,False,False
2015-10-30,0,30,36,0,15,15,0,189,25652,108,0,189,517,0,0,0,0,0,False,False,False
2015-10-31,0,30,37,0,15,15,0,190,25675,108,0,190,517,0,0,0,0,0,False,False,False
2015-11-02,0,31,37,0,15,15,0,191,25725,108,0,191,517,0,0,0,0,0,False,False,False
2015-11-03,0,30,37,0,15,15,0,191,25748,108,0,191,517,0,0,0,0,0,False,False,False
2015-11-04,0,30,37,0,15,15,0,191,25773,108,0,191,517,0,0,0,0,0,False,False,False
2015-11-05,0,30,37,0,15,15,0,191,25797,108,0,191,517,0,0,0,0,0,False,False,False
2015-11-06,0,30,37,0,15,15,0,192,25820,108,0,192,517,0,0,0,0,0,False,False,False
2015-11-07,0,30,37,0,15,15,0,192,25845,108,0,192,517,0,0,0,0,0,False,False,False
2015-11-08,0,30,37,0,15,15,0,193,25869,108,0,193,517,0,0,0,0,0,False,False,False
2015-11-09,0,30,37,0,15,15,0,193,25892,108,0,193,517,0,0,0,0,0,False,False,False
2015-11-10,0,30,37,0,15,15,0,194,25917,108,0,194,517,0,0,0,0,0,False,False,False
2015-11-11,0,30,37,0,15,15,0,195,25941,108,0,195,517,0,0,0,0,0,False,False,False
2015-11-12,0,31,37,0,15,15,0,196,25965,108,0,196,517,0,0,0,0,0,False,False,False
2015-11-13,0,30,37,0,15,15,0,196,25988,108,0,196,517,0,0,0,0,0,False,False,False
2015-11-14,0,30,37,0,15,15,0,196,26013,108,0,196,517,0,0,0,0,0,False,False,False
2015-11-15,0,30,37,0,15,15,0,197,26037,108,0,197,517,0,0,0,0,0,False,False,False
2015-11-16,0,30,37,0,15,15,0,197,26060,108,0,197,517,0,0,0,0,0,False,False,False
2015-11-17,0,29,37,1,15,15,0,198,26085,108,0,198,517,0,0,0,0,0,False,False,False
2015-11-18,0,30,37,0,15,15,0,198,26109,108,0,198,517,0,0,0,0,0,False,False,False
2015-11-19,0,30,37,0,15,15,0,198,26132,108,0,198,517,0,0,0,0,0,False,False,False
2015-11-20,0,30,37,1,15,15,0,198,26156,108,0,198,517,0,0,0,0,0,False,False,False
2015-11-21,0,30,37,0,15,15,0,199,26181,108,0,199,517,0,0,0,0,0,False,False,False
2015-11-22,0,30,37,0,15,15,0,199,26204,108,0,199,517,0,0,0,0,0,False,False,False
2015-11-23,0,30,37,0,15,15,0,199,26228,108,0,199,517,0,0,0,0,0,False,False,False
2015-11-24,0,30,37,0,15,15,0,200,26253,108,0,200,517,0,0,0,0,0,False,False,False
2015-11-25,0,30,37,0,15,15,0,201,26277,108,0,201,517,0,0,0,0,0,False,False,False
2015-11-26,0,30,37,0,15,15,0,202,26300,108,0,202,517,0,0,0,0,0,False,False,False
2015-11-27,0,30,37,0,15,15,0,202,26325,108,0,202,517,0,0,0,0,0,False,False,False
2015-11-28,0,30,37,0,15,15,0,202,26349,108,0,202,517,0,0,0,0,0,False,False,False
2015-11-29,0,30,37,0,15,15,0,203,26372,108,0,203,517,0,0,0,0,0,False,False,False
2015-11-30,0,30,36,0,15,15,0,204,26397,108,0,204,517,0,0,0,0,0,False,False,False
2015-12-01,0,30,36,0,15,15,0,205,26421,108,0,205,517,0,0,0,0,0,False,False,False
2015-12-02,0,31,36,0,15,15,0,205,26444,108,0,205,517,0,0,0,0,0,False,False,False
2015-12-03,0,29,37,0,15,15,0,206,26468,108,0,206,517,0,0,0,0,0,False,False,False
2015-12-04,0,31,37,0,15,15,0,206,26493,108,0,206,517,0,0,0,0,0,False,False,False
2015-12-05,0,31,37,0,15,15,0,207,26517,108,0,207,517,0,0,0,0,0,False,False,False
2015-12-06,0,31,37,0,15,15,0,207,26540,108,0,207,517,0,0,0,0,0,False,False,False
2015-12-07,0,29,37,0,15,15,0,208,26565,108,0,208,517,0,0,0,0,0,False,False,False
2015-12-08,0,29,37,0,15,15,0,208,26589,108,0,208,517,0,0,0,0,0,False,False,False
2015-12-09,0,29,37,0,15,15,0,209,26612,108,0,209,517,0,0,0,0,0,False,False,False
2015-12-10,0,29,37,0,15,15,0,210,26637,108,0,210,517,0,0,0,0,0,False,False,False
2015-12-11,0,31,37,0,15,15,0,211,26661,108,0,211,517,0,0,0,0,0,False,False,False
2015-12-12,0,30,37,0,15,15,0,211,26684,108,0,211,517,0,0,0,0,0,False,False,False
2015-12-13,0,31,37,0,15,15,0,212,26708,108,0,212,517,0,0,0,0,0,False,False,False
2015-12-14,0,30,37,0,15,15,0,212,26733,108,0,212,517,0,0,0,0,0,False,False,False
2015-12-15,0,30,37,1,15,15,0,213,26757,108,0,213,517,0,0,0,0,0,False,False,False
2015-12-16,0,30,37,0,15,15,0,214,26780,108,0,214,517,0,0,0,0,0,False,False,False
2015-12-17,0,30,37,0,15,15,0,215,26805,108,0,215,517,0,0,0,0,0,False,False,False
2015-12-18,0,30,37,0,15,15,0,216,26829,108,0,216,517,0,0,0,0,0,False,False,False
2015-12-19,0,31,37,0,15,15,0,216,26852,108,0,216,517,0,0,0,0,0,False,False,False
2015-12-20,0,31,37,0,15,15,0,217,26877,108,0,217,517,0,0,0,0,0,False,False,False
2015-12-21,0,30,37,0,15,15,0,218,26901,108,0,218,517,0,0,0,0,0,False,False,False
2015-12-22,0,30,37,2,15,15,0,218,26924,108,0,218,517,0,0,0,0,0,False,False,False
2015-12-23,0,30,37,0,15,15,0,219,26948,108,0,219,517,0,0,0,0,0,False,False,False
2015-12-24,0,30,37,0,15,15,0,219,26973,108,0,219,517,0,0,0,0,0,False,False,False
2015-12-25,0,30,37,0,15,15,0,220,26996,108,0,220,517,0,0,0,0,0,False,False,False
2015-12-26,0,30,37,0,15,15,0,220,27020,108,0,220,517,0,0,0,0,0,False,False,False
2015-12-27,0,30,37,0,15,15,0,221,27045,108,0,221,517,0,0,0,0,0,False,False,False
2015-12-28,0,30,37,65536,15,15,0,221,27069,108,0,221,517,0,0,0,0,0,False,False,False
2015-12-29,0,30,37,0,15,15,0,221,27092,108,0,221,517,0,0,0,0,0,False,False,False
2015-12-30,0,30,37,0,15,15,0,222,27117,108,0,222,517,0,0,0,0,0,False,False,False
2015-12-31,0,29,37,0,15,15,0,222,27141,108,0,222,517,0,0,0,0,0,False,False,False
2016-01-01,0,30,37,0,15,15,0,223,27164,108,0,223,517,0,0,0,0,0,False,False,False
2016-01-02,0,30,37,0,15,15,0,224,27189,108,0,224,517,0,0,0,0,0,False,False,False
2016-01-03,0,30,37,0,15,15,0,225,27213,108,0,225,517,0,0,0,0,0,False,False,False
2016-01-04,0,30,37,0,15,15,0,225,27236,108,0,225,517,0,0,0,0,0,False,False,False
2016-01-05,0,31,37,0,15,15,0,226,27261,108,0,226,517,0,0,0,0,0,False,False,False
2016-01-06,0,31,37,0,15,15,0,226,27285,108,0,226,517,0,0,0,0,0,False,False,False
2016-01-07,0,31,37,65536,15,15,0,226,27309,108,0,226,517,0,0,0,0,0,False,False,False
2016-01-08,0,30,37,0,15,15,0,227,27332,108,0,227,517,0,0,0,0,0,False,False,False
2016-01-09,0,31,37,0,15,15,0,228,27357,108,0,228,517,0,0,0,0,0,False,False,False
2016-01-10,0,31,37,0,15,15,0,229,27381,108,0,229,517,0,0,0,0,0,False,False,False
2016-01-11,0,31,37,0,15,15,0,230,27404,108,0,230,517,0,0,0,0,0,False,False,False
2016-01-12,0,30,37,0,15,15,0,230,27429,108,0,230,517,0,0,0,0,0,False,False,False
2016-01-13,0,30,37,0,15,15,0,231,27453,108,0,231,517,0,0,0,0,0,False,False,False
2016-01-14,0,31,37,0,15,15,0,231,27476,108,0,231,517,0,0,0,0,0,False,False,False
2016-01-15,0,31,37,0,15,15,0,231,27501,108,0,231,517,0,0,0,0,0,False,False,False
2016-01-16,0,31,37,0,15,15,0,232,27525,108,0,232,517,0,0,0,0,0,False,False,False
2016-01-17,0,29,37,0,15,15,0,232,27549,108,0,232,517,0,0,0,0,0,False,False,False
2016-01-18,0,29,37,0,15,15,0,233,27572,108,0,233,517,0,0,0,0,0,False,False,False
2016-01-19,0,29,37,0,15,15,0,233,27597,108,0,233,517,0,0,0,0,0,False,False,False
2016-01-20,0,28,37,0,15,15,0,233,27621,108,0,233,517,0,0,0,0,0,False,False,False
2016-01-21,0,29,37,0,15,15,0,234,27644,108,0,234,517,0,0,0,0,0,False,False,False
2016-01-22,0,28,37,0,15,15,0,234,27669,108,0,234,517,0,0,0,0,0,False,False,False
2016-01-23,0,30,37,0,15,15,0,235,27693,108,0,235,517,0,0,0,0,0,False,False,False
2016-01-24,0,31,37,0,15,15,0,236,27716,108,0,236,517,0,0,0,0,0,False,False,False
2016-01-25,0,30,37,0,15,15,0,236,27741,108,0,236,517,0,0,0,0,0,False,False,False
2016-01-26,0,31,37,0,15,15,0,237,27765,108,0,237,517,0,0,0,0,0,False,False,False
2016-01-27,0,30,37,0,15,15,0,238,27788,108,0,238,517,0,0,0,0,0,False,False,False
2016-01-28,0,30,37,0,15,15,0,239,27812,108,0,239,517,0,0,0,0,0,False,False,False
2016-01-29,0,29,37,0,15,15,0,239,27837,108,0,239,517,0,0,0,0,0,False,False,False
2016-01-30,0,28,37,0,15,15,0,239,27861,108,0,239,517,0,0,0,0,0,False,False,False
2016-01-31,0,30,37,0,15,15,0,240,27884,108,0,240,517,0,0,0,0,0,False,False,False
2016-02-01,0,30,37,0,15,15,0,240,27909,108,0,240,517,0,0,0,0,0,False,False,False
2016-02-02,0,31,37,0,15,15,0,240,27933,108,0,240,517,0,0,0,0,0,False,False,False
2016-02-03,0,31,37,0,15,15,0,241,27956,108,0,241,517,0,0,0,0,0,False,False,False
2016-02-04,0,30,37,0,15,15,0,241,27981,108,0,241,517,0,0,0,0,0,False,False,False
2016-02-05,0,31,37,0,15,15,0,242,28005,108,0,242,517,0,0,0,0,0,False,False,False
2016-02-06,0,30,37,0,15,15,0,242,28029,108,0,242,517,0,0,0,0,0,False,False,False
2016-02-07,0,30,37,0,15,15,0,243,28052,108,0,243,517,0,0,0,0,0,False,False,False
2016-02-08,0,30,37,0,15,15,0,243,28077,108,0,243,517,0,0,0,0,0,False,False,False
2016-02-09,0,30,37,0,15,15,0,243,28101,108,0,243,517,0,0,0,0,0,False,False,False
2016-02-10,0,30,37,0,15,15,0,244,28124,108,0,244,517,0,0,0,0,0,False,False,False
2016-02-11,0,30,37,0,15,15,0,245,28149,108,0,245,517,0,0,0,0,0,False,False,False
2016-02-12,0,30,37,0,15,15,0,245,28173,108,0,245,517,0,0,0,0,0,False,False,False
2016-02-13,0,28,37,0,15,15,0,246,28196,108,0,246,517,0,0,0,0,0,False,False,False
2016-02-14,0,28,37,0,15,15,0,246,28220,108,0,246,517,0,0,0,0,0,False,False,False
2016-02-15,0,30,37,0,15,15,0,247,28245,108,0,247,517,0,0,0,0,0,False,False,False
2016-02-16,0,29,37,0,15,15,0,247,28269,108,0,247,517,0,0,0,0,0,False,False,False
2016-02-17,0,30,37,0,15,15,0,248,28293,108,0,248,517,0,0,0,0,0,False,False,False
2016-02-18,0,29,37,0,15,15,0,249,28317,108,0,249,517,0,0,0,0,0,False,False,False
2016-02-19,0,30,37,0,15,15,0,249,28341,108,0,249,517,0,0,0,0,0,False,False,False
2016-02-20,0,30,37,0,15,15,0,249,28364,108,0,249,517,0,0,0,0,0,False,False,False
2016-02-21,0,30,37,0,15,15,0,250,28389,108,0,250,517,0,0,0,0,0,False,False,False
2016-02-22,0,29,37,0,15,15,0,250,28413,108,0,250,517,0,0,0,0,0,False,False,False
2016-02-23,0,30,37,0,15,15,0,250,28436,108,0,250,517,0,0,0,0,0,False,False,False
2016-02-24,0,29,37,0,15,15,0,251,28461,108,0,251,517,0,0,0,0,0,False,False,False
2016-02-25,0,31,37,0,15,15,0,251,28485,108,0,251,517,0,0,0,0,0,False,False,False
2016-02-26,0,31,37,0,15,15,0,252,28509,108,0,252,517,0,0,0,0,0,False,False,False
2016-02-27,0,30,37,0,15,15,0,253,28532,108,0,253,517,0,0,0,0,0,False,False,False
2016-02-28,0,30,37,0,15,15,0,254,28557,108,0,254,517,0,0,0,0,0,False,False,False
2016-02-29,0,28,37,0,15,15,0,255,28581,108,0,255,517,0,0,0,0,0,False,False,False
2016-03-01,0,28,37,0,15,15,0,255,28604,108,0,255,517,0,0,0,0,0,False,False,False
2016-03-02,0,30,37,0,15,15,0,255,28629,108,0,255,517,0,0,0,0,0,False,False,False
2016-03-03,0,29,37,0,15,15,0,256,28653,108,0,256,517,0,0,0,0,0,False,False,False
2016-03-04,0,27,37,0,15,15,0,257,28676,108,0,257,517,0,0,0,0,0,False,False,False
2016-03-05,0,29,37,0,15,15,0,257,28701,108,0,257,517,0,0,0,0,0,False,False,False
2016-03-06,0,27,37,0,15,15,0,257,28725,108,0,257,517,0,0,0,0,0,False,False,False
2016-03-07,0,27,37,0,15,15,0,258,28749,108,0,258,517,0,0,0,0,0,False,False,False
2016-03-08,0,26,37,0,15,15,0,258,28773,108,0,258,517,0,0,0,0,0,False,False,False
2016-03-09,0,27,37,0,15,15,0,258,28797,108,0,258,517,0,0,0,0,0,False,False,False
2016-03-10,0,25,37,0,15,15,0,259,28821,108,0,259,517,0,0,0,0,0,False,False,False
2016-03-11,0,26,37,0,15,15,0,260,28844,108,0,260,517,0,0,0,0,0,False,False,False
2016-03-12,0,26,37,0,15,15,0,261,28869,108,0,261,517,0,0,0,0,0,False,False,False
2016-03-13,0,26,37,0,15,15,0,262,28893,108,0,262,517,0,0,0,0,0,False,False,False
2016-03-14,0,26,37,0,15,15,0,263,28916,108,0,263,517,0,0,0,0,0,False,False,False
2016-03-15,0,26,37,0,15,15,0,263,28939,108,0,263,517,0,0,0,0,0,False,False,False
2016-03-16,0,27,37,0,15,15,0,263,28964,108,0,263,517,0,0,0,0,0,False,False,False
2016-03-17,0,26,37,0,15,15,0,263,28988,108,0,263,517,0,0,0,0,0,False,False,False
2016-03-18,0,27,37,0,15,15,0,264,29012,108,0,264,517,0,0,0,0,0,False,False,False
2016-03-19,0,26,37,0,15,15,0,265,29035,108,0,265,517,0,0,0,0,0,False,False,False
2016-03-20,0,27,37,0,15,15,0,265,29060,108,0,265,517,0,0,0,0,0,False,False,False
2016-03-21,0,25,37,0,15,15,0,266,29084,108,0,266,517,0,0,0,0,0,False,False,False
2016-03-22,0,27,37,0,15,15,0,266,29107,108,0,266,517,0,0,0,0,0,False,False,False
2016-03-23,0,27,37,0,15,15,0,266,29132,108,0,266,517,0,0,0,0,0,False,False,False
2016-03-24,0,26,37,0,15,15,0,266,29156,108,0,266,517,0,0,0,0,0,False,False,False
2016-03-25,0,26,37,0,15,15,0,267,29179,108,0,267,517,0,0,0,0,0,False,False,False
2016-03-26,0,26,37,0,15,15,0,267,29204,108,0,267,517,0,0,0,0,0,False,False,False
2016-03-27,0,26,37,0,15,15,0,268,29228,108,0,268,517,0,0,0,0,0,False,False,False
2016-03-28,0,26,37,0,15,15,0,269,29252,108,0,269,517,0,0,0,0,0,False,False,False
2016-03-29,0,26,37,0,15,15,0,269,29275,108,0,269,517,0,0,0,0,0,False,False,False
2016-03-30,0,28,37,0,15,15,0,270,29300,108,0,270,517,0,0,0,0,0,False,False,False
2016-03-31,0,27,37,0,15,15,0,270,29324,108,0,270,517,0,0,0,0,0,False,False,False
2016-04-01,0,27,37,0,15,15,0,271,29347,108,0,271,517,0,0,0,0,0,False,False,False
2016-04-02,0,27,37,0,15,15,0,272,29372,108,0,272,517,0,0,0,0,0,False,False,False
2016-04-03,0,27,37,0,15,15,0,272,29396,108,0,272,517,0,0,0,0,0,False,False,False
2016-04-04,0,26,37,0,15,15,0,272,29419,108,0,272,517,0,0,0,0,0,False,False,False
2016-04-05,0,28,37,0,15,15,0,273,29444,108,0,273,517,0,0,0,0,0,False,False,False
2016-04-06,0,26,37,0,15,15,0,273,29468,108,0,273,517,0,0,0,0,0,False,False,False
2016-04-07,0,26,37,0,15,15,0,274,29492,108,0,274,517,0,0,0,0,0,False,False,False
2016-04-08,0,26,37,0,15,15,0,274,29516,108,0,274,517,0,0,0,0,0,False,False,False
2016-04-09,0,26,37,0,15,15,0,274,29540,108,0,274,517,0,0,0,0,0,False,False,False
2016-04-10,0,27,37,0,15,15,0,274,29564,108,0,274,517,0,0,0,0,0,False,False,False
2016-04-11,0,27,37,0,15,15,0,274,29587,108,0,274,517,0,0,0,0,0,False,False,False
2016-04-12,0,26,37,0,15,15,0,274,29612,108,0,274,517,0,0,0,0,0,False,False,False
2016-04-13,0,27,37,0,15,15,0,274,29636,108,0,274,517,0,0,0,0,0,False,False,False
2016-04-14,0,26,37,0,15,15,0,275,29659,108,0,275,517,0,0,0,0,0,False,False,False
2016-04-15,0,27,37,0,15,15,0,275,29684,108,0,275,517,0,0,0,0,0,False,False,False
2016-04-16,0,27,37,0,15,15,0,276,29708,108,0,276,517,0,0,0,0,0,False,False,False
2016-04-17,0,26,37,65536,15,15,0,276,29731,108,0,276,517,0,0,0,0,0,False,False,False
2016-04-18,0,26,37,0,15,15,0,277,29756,108,0,277,517,0,0,0,0,0,False,False,False
2016-04-19,0,26,37,0,15,15,0,277,29780,108,0,277,517,0,0,0,0,0,False,False,False
2016-04-20,0,26,37,0,15,15,0,278,29804,108,0,278,517,0,0,0,0,0,False,False,False
2016-04-21,0,27,37,0,15,15,0,278,29827,108,0,278,517,0,0,0,0,0,False,False,False
2016-04-22,0,26,37,0,15,15,0,278,29852,108,0,278,517,0,0,0,0,0,False,False,False
2016-04-23,0,27,37,0,15,15,0,279,29876,108,0,279,517,0,0,0,0,0,False,False,False
2016-04-24,0,26,37,0,15,15,0,279,29899,108,0,279,517,0,0,0,0,0,False,False,False
2016-04-25,0,27,37,0,15,15,0,280,29924,108,0,280,517,0,0,0,0,0,False,False,False
2016-04-26,0,27,37,0,15,15,0,281,29948,108,0,281,517,0,0,0,0,0,False,False,False
2016-04-27,0,27,37,0,15,15,0,282,29971,108,0,282,517,0,0,0,0,0,False,False,False
2016-04-28,0,27,37,0,15,15,0,283,29996,108,0,283,517,0,0,0,0,0,False,False,False
2016-04-29,0,27,37,0,15,15,0,283,30020,108,0,283,517,0,0,0,0,0,False,False,False
2016-04-30,0,26,37,0,15,15,0,283,30044,108,0,283,517,0,0,0,0,0,False,False,False
2016-05-01,0,26,37,0,15,15,0,284,30068,108,0,284,517,0,0,0,0,0,False,False,False
2016-05-02,0,26,36,0,15,15,0,285,30092,108,0,285,517,0,0,0,0,0,False,False,False
2016-05-03,0,27,36,0,15,15,0,285,30116,108,0,285,517,0,0,0,0,0,False,False,False
2016-05-04,0,27,37,0,15,15,0,286,30139,108,0,286,517,0,0,0,0,0,False,False,False
2016-05-05,0,27,37,0,15,15,0,287,30164,108,0,287,517,0,0,0,0,0,False,False,False
2016-05-06,0,27,37,0,15,15,0,287,30188,108,0,287,517,0,0,0,0,0,False,False,False
2016-05-07,0,27,37,0,15,15,0,287,30211,108,0,287,517,0,0,0,0,0,False,False,False
2016-05-08,0,27,37,0,15,15,0,288,30236,108,0,288,517,0,0,0,0,0,False,False,False
2016-05-09,0,28,37,1,15,15,0,288,30260,108,0,288,517,0,0,0,0,0,False,False,False
2016-05-10,0,28,37,0,15,15,0,288,30284,108,0,288,517,0,0,0,0,0,False,False,False
2016-05-11,0,28,37,0,15,15,0,289,30308,108,0,289,517,0,0,0,0,0,False,False,False
2016-05-12,0,28,37,0,15,15,0,290,30332,108,0,290,517,0,0,0,0,0,False,False,False
2016-05-13,0,28,37,0,15,15,0,290,30356,108,0,290,517,0,0,0,0,0,False,False,False
2016-05-14,0,27,37,0,15,15,0,291,30379,108,0,291,517,0,0,0,0,0,False,False,False
2016-05-15,0,27,37,1,15,15,0,292,30404,108,0,292,517,0,0,0,0,0,False,False,False
2016-05-16,0,28,37,0,15,15,0,292,30428,108,0,292,517,0,0,0,0,0,False,False,False
2016-05-17,0,28,37,0,15,15,0,293,30451,108,0,293,517,0,0,0,0,0,False,False,False
2016-05-18,0,28,37,0,15,15,0,293,30476,108,0,293,517,0,0,0,0,0,False,False,False
2016-05-19,0,28,37,0,15,15,0,294,30500,108,0,294,517,0,0,0,0,0,False,False,False
2016-05-20,0,27,37,0,15,15,0,294,30524,108,0,294,517,0,0,0,0,0,False,False,False
2016-05-21,0,27,37,0,15,15,0,295,30548,108,0,295,517,0,0,0,0,0,False,False,False
2016-05-22,0,27,37,0,15,15,0,295,30572,108,0,295,517,0,0,0,0,0,False,False,False
2016-05-23,0,27,37,0,15,15,0,296,30596,108,0,296,517,0,0,0,0,0,False,False,False
2016-05-24,0,28,37,0,15,15,0,296,30619,108,0,296,517,0,0,0,0,0,False,False,False
2016-05-25,0,28,37,0,15,15,0,297,30644,108,0,297,517,0,0,0,0,0,False,False,False
2016-05-26,0,27,37,0,15,15,0,298,30668,108,0,298,517,0,0,0,0,0,False,False,False
2016-05-27,0,28,37,0,15,15,0,298,30691,108,0,298,517,0,0,0,0,0,False,False,False
2016-05-28,0,28,37,0,15,15,0,299,30716,108,0,299,517,0,0,0,0,0,False,False,False
2016-05-29,0,28,37,0,15,15,0,299,30740,108,0,299,517,0,0,0,0,0,False,False,False
2016-05-30,0,28,37,0,15,15,0,299,30763,108,0,299,517,0,0,0,0,0,False,False,False
2016-05-31,0,29,37,0,15,15,0,300,30788,108,0,300,517,0,0,0,0,0,False,False,False
2016-06-01,0,29,37,0,15,15,0,300,30812,108,0,300,517,0,0,0,0,0,False,False,False
2016-06-02,0,29,37,0,15,15,0,301,30836,108,0,301,517,0,0,0,0,0,False,False,False
2016-06-03,0,29,36,0,16,16,0,303,30860,108,0,303,517,0,0,0,0,0,False,False,False
2016-06-04,0,29,36,0,16,16,0,303,30883,108,0,303,517,0,0,0,0,0,False,False,False
2016-06-05,0,29,37,0,16,16,0,304,30908,108,0,304,517,0,0,0,0,0,False,False,False
2016-06-06,0,29,37,0,16,16,0,305,30932,108,0,305,517,0,0,0,0,0,False,False,False
2016-06-07,0,29,37,0,16,16,0,306,30955,108,0,306,517,0,0,0,0,0,False,False,False
2016-06-08,0,29,37,1,16,16,0,306,30979,108,0,306,517,0,0,0,0,0,False,False,False
2016-06-09,0,29,37,0,16,16,0,306,31004,108,0,306,517,0,0,0,0,0,False,False,False
2016-06-10,0,29,37,0,16,16,0,307,31027,108,0,307,517,0,0,0,0,0,False,False,False
2016-06-11,0,28,37,0,16,16,0,308,31051,108,0,308,517,0,0,0,0,0,False,False,False
2016-06-12,0,28,37,0,16,16,0,308,31076,108,0,308,517,0,0,0,0,0,False,False,False
2016-06-13,0,29,37,0,16,16,0,308,31100,108,0,308,517,0,0,0,0,0,False,False,False
2016-06-14,0,28,37,0,16,16,0,308,31123,108,0,308,517,0,0,0,0,0,False,False,False
2016-06-15,0,27,37,0,16,16,0,309,31148,108,0,309,517,0,0,0,0,0,False,False,False
2016-06-16,0,28,37,0,16,16,0,309,31172,108,0,309,517,0,0,0,0,0,False,False,False
2016-06-17,0,28,37,0,16,16,0,310,31195,108,0,310,517,0,0,0,0,0,False,False,False
2016-06-18,0,28,37,0,16,16,0,311,31219,108,0,311,517,0,0,0,0,0,False,False,False
2016-06-19,0,27,37,0,16,16,0,311,31244,108,0,311,517,0,0,0,0,0,False,False,False
2016-06-20,0,28,37,0,16,16,0,312,31267,108,0,312,517,0,0,0,0,0,False,False,False
2016-06-21,0,31,37,0,16,16,0,313,31291,108,0,313,517,0,0,0,0,0,False,False,False
2016-06-22,0,31,37,0,16,16,0,313,31316,108,0,313,517,0,0,0,0,0,False,False,False
2016-06-23,0,31,37,0,16,16,0,313,31340,108,0,313,517,0,0,0,0,0,False,False,False
2016-06-24,0,31,37,0,16,16,0,314,31363,108,0,314,517,0,0,0,0,0,False,False,False
2016-06-25,0,31,37,0,16,16,0,314,31387,108,0,314,517,0,0,0,0,0,False,False,False
2016-06-26,0,31,37,0,16,16,0,315,31412,108,0,315,517,0,0,0,0,0,False,False,False
2016-06-27,0,31,37,0,16,16,0,315,31435,108,0,315,517,0,0,0,0,0,False,False,False
2016-06-28,0,32,37,0,16,16,0,316,31459,108,0,316,517,0,0,0,0,0,False,False,False
2016-06-29,0,31,37,0,16,16,0,316,31484,108,0,316,517,0,0,0,0,0,False,False,False
2016-06-30,0,31,37,0,16,16,0,317,31507,108,0,317,517,0,0,0,0,0,False,False,False
