date,failure,Smart 194: Temperature_Celsius (Raw Value),Smart 8: Seek_Time_Performance (Raw Value),Smart 1: Raw_Read_Error_Rate (Raw Value),Smart 12: Power_Cycle_Count (Raw Value),Smart 4: Start_Stop_Count (Raw Value),Smart 10: Spin_Retry_Count (Raw Value),Smart 192: Power-Off_Retract_Count (Raw Value),Smart 9: Power_On_Hours (Raw Value),Smart 2: Throughput_Performance (Raw Value),Smart 7: Seek_Error_Rate (Raw Value),Smart 193: Load_Cycle_Count (Raw Value),Smart 3: Spin_Up_Time (Raw Value),Smart 5: Reallocated_Sector_Ct (Raw Value),Smart 197: Current_Pending_Sector (Raw Value),Smart 198: Offline_Uncorrectable (Raw Value),Smart 199: UDMA_CRC_Error_Count (Raw Value),Smart 196: Reallocated_Event_Count (Raw Value),op_fail_30,op_fail_15,op_fail_1
2013-04-10,0,25,,0,,,,,8725,,,,,0,0,,,,False,False,False
2013-04-11,0,25,,0,,,,,8748,,,,,0,0,,,,False,False,False
2013-04-12,0,21,,0,,,,,8773,,,,,0,0,,,,False,False,False
2013-04-13,0,20,,0,,,,,8796,,,,,0,0,,,,False,False,False
2013-04-14,0,21,,0,,,,,8821,,,,,0,0,,,,False,False,False
2013-04-15,0,20,,0,,,,,8845,,,,,0,0,,,,False,False,False
2013-04-16,0,21,,0,,,,,8868,,,,,0,0,,,,False,False,False
2013-04-17,0,21,,0,,,,,8892,,,,,0,0,,,,False,False,False
2013-04-18,0,20,,0,,,,,8917,,,,,0,0,,,,False,False,False
2013-04-19,0,22,,0,,,,,8935,,,,,0,0,,,,False,False,False
2013-04-20,0,24,,0,,,,,8959,,,,,0,0,,,,False,False,False
2013-04-21,0,22,,0,,,,,8982,,,,,0,0,,,,False,False,False
2013-04-22,0,23,,0,,,,,9007,,,,,0,0,,,,False,False,False
2013-04-23,0,22,,0,,,,,9031,,,,,0,0,,,,False,False,False
2013-04-24,0,23,,0,,,,,9054,,,,,0,0,,,,False,False,False
2013-04-25,0,20,,0,,,,,9079,,,,,0,0,,,,False,False,False
2013-04-26,0,20,,0,,,,,9103,,,,,0,0,,,,False,False,False
2013-04-27,0,20,,0,,,,,9127,,,,,0,0,,,,False,False,False
2013-04-28,0,19,,0,,,,,9151,,,,,0,0,,,,False,False,False
2013-04-29,0,20,,0,,,,,9175,,,,,0,0,,,,False,False,False
2013-04-30,0,26,,0,,,,,9198,,,,,0,0,,,,False,False,False
2013-05-01,0,26,,0,,,,,9223,,,,,0,0,,,,False,False,False
2013-05-02,0,21,,0,,,,,9246,,,,,0,0,,,,False,False,False
2013-05-03,0,23,,0,,,,,9271,,,,,0,0,,,,False,False,False
2013-05-04,0,21,,0,,,,,9295,,,,,0,0,,,,False,False,False
2013-05-05,0,19,,0,,,,,9319,,,,,0,0,,,,False,False,False
2013-05-06,0,21,,0,,,,,9343,,,,,0,0,,,,False,False,False
2013-05-07,0,19,,0,,,,,9367,,,,,0,0,,,,False,False,False
2013-05-08,0,26,,0,,,,,9391,,,,,0,0,,,,False,False,False
2013-05-09,0,26,,0,,,,,9415,,,,,0,0,,,,False,False,False
2013-05-10,0,27,,0,,,,,9439,,,,,0,0,,,,False,False,False
2013-05-11,0,26,,0,,,,,9463,,,,,0,0,,,,False,False,False
2013-05-12,0,26,,0,,,,,9487,,,,,0,0,,,,False,False,False
2013-05-13,0,26,,0,,,,,9511,,,,,0,0,,,,False,False,False
2013-05-14,0,26,,0,,,,,9534,,,,,0,0,,,,False,False,False
2013-05-15,0,26,,0,,,,,9559,,,,,0,0,,,,False,False,False
2013-05-16,0,26,,0,,,,,9582,,,,,0,0,,,,False,False,False
2013-05-17,0,23,,0,,,,,9607,,,,,0,0,,,,False,False,False
2013-05-18,0,26,,0,,,,,9630,,,,,0,0,,,,False,False,False
2013-05-19,0,26,,0,,,,,9655,,,,,0,0,,,,False,False,False
2013-05-20,0,26,,0,,,,,9679,,,,,0,0,,,,False,False,False
2013-05-21,0,27,,0,,,,,9703,,,,,0,0,,,,False,False,False
2013-05-22,0,25,,0,,,,,9727,,,,,0,0,,,,False,False,False
2013-05-23,0,26,,0,,,,,9751,,,,,0,0,,,,False,False,False
2013-05-24,0,24,,0,,,,,9775,,,,,0,0,,,,False,False,False
2013-05-25,0,27,,0,,,,,9799,,,,,0,0,,,,False,False,False
2013-05-26,0,25,,0,,,,,9823,,,,,0,0,,,,False,False,False
2013-05-27,0,25,,0,,,,,9847,,,,,0,0,,,,False,False,False
2013-05-28,0,26,,0,,,,,9871,,,,,0,0,,,,False,False,False
2013-05-29,0,25,,0,,,,,9895,,,,,0,0,,,,False,False,False
2013-05-30,0,26,,0,,,,,9919,,,,,0,0,,,,False,False,False
2013-05-31,0,24,,0,,,,,9943,,,,,0,0,,,,False,False,False
2013-06-01,0,26,,0,,,,,9967,,,,,0,0,,,,False,False,False
2013-06-02,0,25,,0,,,,,9991,,,,,0,0,,,,False,False,False
2013-06-03,0,26,,0,,,,,10015,,,,,0,0,,,,False,False,False
2013-06-04,0,26,,0,,,,,10039,,,,,0,0,,,,False,False,False
2013-06-05,0,24,,0,,,,,10063,,,,,0,0,,,,False,False,False
2013-06-06,0,21,,0,,,,,10086,,,,,0,0,,,,False,False,False
2013-06-07,0,23,,0,,,,,10111,,,,,0,0,,,,False,False,False
2013-06-08,0,20,,0,,,,,10135,,,,,0,0,,,,False,False,False
2013-06-09,0,21,,0,,,,,10158,,,,,0,0,,,,False,False,False
2013-06-10,0,20,,0,,,,,10183,,,,,0,0,,,,False,False,False
2013-06-11,0,20,,0,,,,,10207,,,,,0,0,,,,False,False,False
2013-06-12,0,22,,0,,,,,10231,,,,,0,0,,,,False,False,False
2013-06-13,0,26,,0,,,,,10255,,,,,0,0,,,,False,False,False
2013-06-14,0,26,,0,,,,,10279,,,,,0,0,,,,False,False,False
2013-06-15,0,26,,0,,,,,10303,,,,,0,0,,,,False,False,False
2013-06-16,0,26,,0,,,,,10327,,,,,0,0,,,,False,False,False
2013-06-17,0,21,,0,,,,,10350,,,,,0,0,,,,False,False,False
2013-06-18,0,20,,0,,,,,10375,,,,,0,0,,,,False,False,False
2013-06-19,0,26,,0,,,,,10398,,,,,0,0,,,,False,False,False
2013-06-20,0,20,,0,,,,,10423,,,,,0,0,,,,False,False,False
2013-06-21,0,20,,0,,,,,10446,,,,,0,0,,,,False,False,False
2013-06-22,0,20,,0,,,,,10471,,,,,0,0,,,,False,False,False
2013-06-23,0,25,,0,,,,,10495,,,,,0,0,,,,False,False,False
2013-06-24,0,26,,0,,,,,10519,,,,,0,0,,,,False,False,False
2013-06-25,0,26,,0,,,,,10543,,,,,0,0,,,,False,False,False
2013-06-26,0,25,,0,,,,,10567,,,,,0,0,,,,False,False,False
2013-06-27,0,25,,0,,,,,10591,,,,,0,0,,,,False,False,False
2013-06-28,0,25,,0,,,,,10615,,,,,0,0,,,,False,False,False
2013-06-29,0,26,,0,,,,,10639,,,,,0,0,,,,False,False,False
2013-06-30,0,25,,0,,,,,10663,,,,,0,0,,,,False,False,False
2013-07-01,0,25,,0,,,,,10687,,,,,0,0,,,,False,False,False
2013-07-02,0,25,,0,,,,,10711,,,,,0,0,,,,False,False,False
2013-07-03,0,25,,0,,,,,10735,,,,,0,0,,,,False,False,False
2013-07-04,0,25,,0,,,,,10759,,,,,0,0,,,,False,False,False
2013-07-05,0,25,,0,,,,,10783,,,,,0,0,,,,False,False,False
2013-07-06,0,26,,0,,,,,10807,,,,,0,0,,,,False,False,False
2013-07-07,0,26,,0,,,,,10831,,,,,0,0,,,,False,False,False
2013-07-08,0,25,,0,,,,,10855,,,,,0,0,,,,False,False,False
2013-07-09,0,25,,0,,,,,10879,,,,,0,0,,,,False,False,False
2013-07-10,0,26,,0,,,,,10903,,,,,0,0,,,,False,False,False
2013-07-11,0,26,,0,,,,,10927,,,,,0,0,,,,False,False,False
2013-07-12,0,26,,0,,,,,10951,,,,,0,0,,,,False,False,False
2013-07-13,0,26,,0,,,,,10975,,,,,0,0,,,,False,False,False
2013-07-14,0,26,,0,,,,,10999,,,,,0,0,,,,False,False,False
2013-07-15,0,26,,0,,,,,11023,,,,,0,0,,,,False,False,False
2013-07-16,0,27,,0,,,,,11047,,,,,0,0,,,,False,False,False
2013-07-17,0,26,,0,,,,,11071,,,,,0,0,,,,False,False,False
2013-07-18,0,27,,0,,,,,11095,,,,,0,0,,,,False,False,False
2013-07-19,0,26,,0,,,,,11119,,,,,0,0,,,,False,False,False
2013-07-20,0,26,,0,,,,,11143,,,,,0,0,,,,False,False,False
2013-07-21,0,26,,0,,,,,11167,,,,,0,0,,,,False,False,False
2013-07-22,0,26,,0,,,,,11191,,,,,0,0,,,,False,False,False
2013-07-23,0,26,,0,,,,,11215,,,,,0,0,,,,False,False,False
2013-07-24,0,23,,0,,,,,11239,,,,,0,0,,,,False,False,False
2013-07-25,0,23,,0,,,,,11263,,,,,0,0,,,,False,False,False
2013-07-26,0,23,,0,,,,,11287,,,,,0,0,,,,False,False,False
2013-07-27,0,22,,0,,,,,11311,,,,,0,0,,,,False,False,False
2013-07-28,0,23,,0,,,,,11335,,,,,0,0,,,,False,False,False
2013-07-29,0,23,,0,,,,,11359,,,,,0,0,,,,False,False,False
2013-07-30,0,24,,0,,,,,11383,,,,,0,0,,,,False,False,False
2013-07-31,0,24,,0,,,,,11407,,,,,0,0,,,,False,False,False
2013-08-01,0,26,,0,,,,,11431,,,,,0,0,,,,False,False,False
2013-08-02,0,25,,0,,,,,11455,,,,,0,0,,,,False,False,False
2013-08-03,0,26,,0,,,,,11479,,,,,0,0,,,,False,False,False
2013-08-04,0,24,,0,,,,,11503,,,,,0,0,,,,False,False,False
2013-08-05,0,25,,0,,,,,11527,,,,,0,0,,,,False,False,False
2013-08-06,0,26,,0,,,,,11551,,,,,0,0,,,,False,False,False
2013-08-07,0,25,,0,,,,,11574,,,,,0,0,,,,False,False,False
2013-08-08,0,24,,0,,,,,11599,,,,,0,0,,,,False,False,False
2013-08-09,0,24,,0,,,,,11623,,,,,0,0,,,,False,False,False
2013-08-10,0,24,,0,,,,,11647,,,,,0,0,,,,False,False,False
2013-08-11,0,25,,0,,,,,11671,,,,,0,0,,,,False,False,False
2013-08-12,0,24,,0,,,,,11695,,,,,0,0,,,,False,False,False
2013-08-13,0,22,,0,,,,,11719,,,,,0,0,,,,False,False,False
2013-08-14,0,26,,0,,,,,11743,,,,,0,0,,,,False,False,False
2013-08-15,0,24,,0,,,,,11767,,,,,0,0,,,,False,False,False
2013-08-16,0,24,,0,,,,,11791,,,,,0,0,,,,False,False,False
2013-08-17,0,26,,0,,,,,11815,,,,,0,0,,,,False,False,False
2013-08-18,0,26,,0,,,,,11839,,,,,0,0,,,,False,False,False
2013-08-19,0,24,,0,,,,,11863,,,,,0,0,,,,False,False,False
2013-10-15,0,26,,0,,,,,13231,,,,,0,0,,,,False,False,False
2013-10-16,0,26,,0,,,,,13255,,,,,0,0,,,,False,False,False
2013-10-17,0,26,,0,,,,,13279,,,,,0,0,,,,False,False,False
2013-10-18,0,26,,0,,,,,13303,,,,,0,0,,,,False,False,False
2013-10-19,0,25,,0,,,,,13327,,,,,0,0,,,,False,False,False
2013-10-20,0,26,,0,,,,,13351,,,,,0,0,,,,False,False,False
2013-10-21,0,25,,0,,,,,13375,,,,,0,0,,,,False,False,False
2013-10-22,0,27,,0,,,,,13399,,,,,0,0,,,,False,False,False
2013-10-23,0,25,,0,,,,,13423,,,,,0,0,,,,False,False,False
2013-10-24,0,26,,0,,,,,13447,,,,,0,0,,,,False,False,False
2013-10-25,0,26,,0,,,,,13470,,,,,0,0,,,,False,False,False
2013-10-26,0,25,,0,,,,,13494,,,,,0,0,,,,False,False,False
2013-10-27,0,26,,0,,,,,13518,,,,,0,0,,,,False,False,False
2013-10-28,0,26,,0,,,,,13542,,,,,0,0,,,,False,False,False
2013-10-29,0,25,,0,,,,,13566,,,,,0,0,,,,False,False,False
2013-10-30,0,25,,0,,,,,13590,,,,,0,0,,,,False,False,False
2013-10-31,0,26,,0,,,,,13614,,,,,0,0,,,,False,False,False
2013-11-01,0,27,,0,,,,,13638,,,,,0,0,,,,False,False,False
2013-11-02,0,27,,0,,,,,13662,,,,,0,0,,,,False,False,False
2013-11-03,0,25,,0,,,,,13686,,,,,0,0,,,,False,False,False
2013-11-04,0,27,,0,,,,,13711,,,,,0,0,,,,False,False,False
2013-11-05,0,25,,0,,,,,13735,,,,,0,0,,,,False,False,False
2013-11-06,0,25,,0,,,,,13759,,,,,0,0,,,,False,False,False
2013-11-07,0,25,,0,,,,,13783,,,,,0,0,,,,False,False,False
2013-11-08,0,24,,0,,,,,13807,,,,,0,0,,,,False,False,False
2013-11-09,0,27,,0,,,,,13831,,,,,0,0,,,,False,False,False
2013-11-10,0,26,,0,,,,,13855,,,,,0,0,,,,False,False,False
2013-11-11,0,26,,0,,,,,13879,,,,,0,0,,,,False,False,False
2013-11-12,0,27,,0,,,,,13903,,,,,0,0,,,,False,False,False
2013-11-13,0,25,,0,,,,,13927,,,,,0,0,,,,False,False,False
2013-11-14,0,25,,0,,,,,13951,,,,,0,0,,,,False,False,False
2013-11-15,0,27,,0,,,,,13975,,,,,0,0,,,,False,False,False
2013-11-16,0,27,,0,,,,,13999,,,,,0,0,,,,False,False,False
2013-11-17,0,27,,0,,,,,14023,,,,,0,0,,,,False,False,False
2013-11-18,0,29,,0,,,,,14047,,,,,0,0,,,,False,False,False
2013-11-19,0,26,,0,,,,,14071,,,,,0,0,,,,False,False,False
2013-11-20,0,26,,0,,,,,14095,,,,,0,0,,,,False,False,False
2013-11-21,0,26,,0,,,,,14118,,,,,0,0,,,,False,False,False
2013-11-22,0,26,,0,,,,,14142,,,,,0,0,,,,False,False,False
2013-11-23,0,27,,0,,,,,14166,,,,,0,0,,,,False,False,False
2013-11-24,0,27,,0,,,,,14190,,,,,0,0,,,,False,False,False
2013-11-25,0,26,,0,,,,,14214,,,,,0,0,,,,False,False,False
2013-11-26,0,26,,0,,,,,14238,,,,,0,0,,,,False,False,False
2013-11-27,0,27,,0,,,,,14262,,,,,0,0,,,,False,False,False
2013-11-28,0,27,,0,,,,,14286,,,,,0,0,,,,False,False,False
2013-11-29,0,25,,0,,,,,14310,,,,,0,0,,,,False,False,False
2013-11-30,0,27,,0,,,,,14334,,,,,0,0,,,,False,False,False
2013-12-01,0,27,,0,,,,,14358,,,,,0,0,,,,False,False,False
2013-12-02,0,27,,0,,,,,14382,,,,,0,0,,,,False,False,False
2013-12-03,0,26,,0,,,,,14406,,,,,0,0,,,,False,False,False
2013-12-04,0,27,,0,,,,,14430,,,,,0,0,,,,False,False,False
2013-12-05,0,26,,0,,,,,14454,,,,,0,0,,,,False,False,False
2013-12-06,0,26,,0,,,,,14478,,,,,0,0,,,,False,False,False
2013-12-07,0,27,,0,,,,,14502,,,,,0,0,,,,False,False,False
2013-12-08,0,26,,0,,,,,14526,,,,,0,0,,,,False,False,False
2013-12-09,0,26,,0,,,,,14550,,,,,0,0,,,,False,False,False
2013-12-10,0,27,,0,,,,,14574,,,,,0,0,,,,False,False,False
2013-12-11,0,26,,0,,,,,14598,,,,,0,0,,,,False,False,False
2013-12-12,0,25,,0,,,,,14622,,,,,0,0,,,,False,False,False
2013-12-13,0,27,,0,,,,,14646,,,,,0,0,,,,False,False,False
2013-12-14,0,26,,0,,,,,14670,,,,,0,0,,,,False,False,False
2013-12-15,0,26,,0,,,,,14694,,,,,0,0,,,,False,False,False
2013-12-16,0,26,,0,,,,,14718,,,,,0,0,,,,False,False,False
2013-12-17,0,26,,0,,,,,14742,,,,,0,0,,,,False,False,False
2013-12-18,0,26,,0,,,,,14765,,,,,0,0,,,,False,False,False
2013-12-19,0,26,,0,,,,,14789,,,,,0,0,,,,False,False,False
2013-12-20,0,26,,0,,,,,14813,,,,,0,0,,,,False,False,False
2013-12-21,0,26,,0,,,,,14837,,,,,0,0,,,,False,False,False
2013-12-22,0,26,,0,,,,,14861,,,,,0,0,,,,False,False,False
2013-12-23,0,26,,0,,,,,14885,,,,,0,0,,,,False,False,False
2013-12-24,0,26,,0,,,,,14909,,,,,0,0,,,,False,False,False
2013-12-25,0,26,,0,,,,,14933,,,,,0,0,,,,False,False,False
2013-12-26,0,27,,0,,,,,14957,,,,,0,0,,,,False,False,False
2013-12-27,0,26,,0,,,,,14981,,,,,0,0,,,,False,False,False
2013-12-28,0,24,,0,,,,,15005,,,,,0,0,,,,False,False,False
2013-12-29,0,26,,0,,,,,15029,,,,,0,0,,,,False,False,False
2013-12-30,0,26,,0,,,,,15053,,,,,0,0,,,,False,False,False
2013-12-31,0,25,,0,,,,,15077,,,,,0,0,,,,False,False,False
2014-01-01,0,24,,0,,,,,15101,,,,,0,0,,,,False,False,False
2014-01-02,0,25,,0,,,,,15125,,,,,0,0,,,,False,False,False
2014-01-03,0,25,,0,,,,,15149,,,,,0,0,,,,False,False,False
2014-01-04,0,26,,0,,,,,15173,,,,,0,0,,,,False,False,False
2014-01-05,0,25,,0,,,,,15197,,,,,0,0,,,,False,False,False
2014-01-06,0,25,,0,,,,,15221,,,,,0,0,,,,False,False,False
2014-01-07,0,26,,0,,,,,15245,,,,,0,0,,,,False,False,False
2014-01-08,0,25,,0,,,,,15269,,,,,0,0,,,,False,False,False
2014-01-09,0,26,,0,,,,,15293,,,,,0,0,,,,False,False,False
2014-01-10,0,26,,0,,,,,15317,,,,,0,0,,,,False,False,False
2014-01-11,0,25,,0,,,,,15341,,,,,0,0,,,,False,False,False
2014-01-12,0,26,,0,,,,,15365,,,,,0,0,,,,False,False,False
2014-01-13,0,25,,0,,,,,15389,,,,,0,0,,,,False,False,False
2014-01-14,0,26,,0,,,,,15413,,,,,0,0,,,,False,False,False
2014-01-15,0,26,,0,,,,,15437,,,,,0,0,,,,False,False,False
2014-01-16,0,26,,0,,,,,15461,,,,,0,0,,,,False,False,False
2014-01-17,0,26,,0,,,,,15485,,,,,0,0,,,,False,False,False
2014-01-18,0,26,,0,,,,,15509,,,,,0,0,,,,False,False,False
2014-01-19,0,26,,0,,,,,15533,,,,,0,0,,,,False,False,False
2014-01-20,0,25,,0,,,,,15557,,,,,0,0,,,,False,False,False
2014-01-21,0,25,,0,,,,,15581,,,,,0,0,,,,False,False,False
2014-01-22,0,26,,0,,,,,15605,,,,,0,0,,,,False,False,False
2014-01-23,0,26,,0,,,,,15629,,,,,0,0,,,,False,False,False
2014-01-24,0,26,,0,,,,,15653,,,,,0,0,,,,False,False,False
2014-01-25,0,25,,0,,,,,15677,,,,,0,0,,,,False,False,False
2014-01-26,0,26,,0,,,,,15701,,,,,0,0,,,,False,False,False
2014-01-27,0,26,,0,,,,,15725,,,,,0,0,,,,False,False,False
2014-01-28,0,24,,0,,,,,15749,,,,,0,0,,,,False,False,False
2014-01-29,0,27,,0,,,,,15773,,,,,0,0,,,,False,False,False
2014-01-30,0,28,,0,,,,,15797,,,,,0,0,,,,False,False,False
2014-01-31,0,27,,0,,,,,15821,,,,,0,0,,,,False,False,False
2014-02-01,0,26,,0,,,,,15845,,,,,0,0,,,,False,False,False
2014-02-02,0,27,,0,,,,,15869,,,,,0,0,,,,False,False,False
2014-02-03,0,27,,0,,,,,15894,,,,,0,0,,,,False,False,False
2014-02-04,0,27,,0,,,,,15917,,,,,0,0,,,,False,False,False
2014-02-05,0,27,,0,,,,,15941,,,,,0,0,,,,False,False,False
2014-02-06,0,26,,0,,,,,15964,,,,,0,0,,,,False,False,False
2014-02-07,0,27,,0,,,,,15988,,,,,0,0,,,,False,False,False
2014-02-08,0,27,,0,,,,,16012,,,,,0,0,,,,False,False,False
2014-02-09,0,27,,0,,,,,16036,,,,,0,0,,,,False,False,False
2014-02-10,0,27,,0,,,,,16060,,,,,0,0,,,,False,False,False
2014-02-11,0,27,,0,,,,,16084,,,,,0,0,,,,False,False,False
2014-02-12,0,27,,0,,,,,16108,,,,,0,0,,,,False,False,False
2014-02-13,0,27,,0,,,,,16132,,,,,0,0,,,,False,False,False
2014-02-14,0,28,32,0,12,12,0,13,16156,104,0,13,574,0,0,0,0,0,False,False,False
2014-02-15,0,27,32,0,12,12,0,13,16180,104,0,13,574,0,0,0,0,0,False,False,False
2014-02-16,0,28,32,0,12,12,0,13,16204,104,0,13,574,0,0,0,0,0,False,False,False
2014-02-17,0,26,32,0,12,12,0,13,16228,104,0,13,574,0,0,0,0,0,False,False,False
2014-02-18,0,26,32,0,12,12,0,13,16251,104,0,13,574,0,0,0,0,0,False,False,False
2014-02-19,0,27,32,0,12,12,0,13,16276,104,0,13,574,0,0,0,0,0,False,False,False
2014-02-20,0,26,32,0,12,12,0,13,16300,104,0,13,574,0,0,0,0,0,False,False,False
2014-02-21,0,26,32,0,12,12,0,13,16324,104,0,13,574,0,0,0,0,0,False,False,False
2014-02-22,0,27,32,0,12,12,0,13,16348,104,0,13,574,0,0,0,0,0,False,False,False
2014-02-23,0,28,32,0,12,12,0,13,16372,104,0,13,574,0,0,0,0,0,False,False,False
2014-02-24,0,27,32,0,12,12,0,13,16396,104,0,13,574,0,0,0,0,0,False,False,False
2014-02-25,0,27,32,0,12,12,0,13,16420,104,0,13,574,0,0,0,0,0,False,False,False
2014-02-26,0,27,32,0,12,12,0,13,16444,104,0,13,574,0,0,0,0,0,False,False,False
2014-02-27,0,28,32,0,12,12,0,13,16468,104,0,13,574,0,0,0,0,0,False,False,False
2014-02-28,0,28,32,0,13,13,0,14,16492,104,0,14,574,0,0,0,0,0,False,False,False
2014-03-01,0,27,32,0,13,13,0,14,16515,104,0,14,574,0,0,0,0,0,False,False,False
2014-03-02,0,28,32,0,13,13,0,14,16539,104,0,14,574,0,0,0,0,0,False,False,False
2014-03-03,0,28,32,0,13,13,0,14,16564,104,0,14,574,0,0,0,0,0,False,False,False
2014-03-04,0,28,32,0,13,13,0,14,16587,104,0,14,574,0,0,0,0,0,False,False,False
2014-03-05,0,28,32,0,13,13,0,14,16611,104,0,14,574,0,0,0,0,0,False,False,False
2014-03-06,0,28,32,0,13,13,0,14,16636,104,0,14,574,0,0,0,0,0,False,False,False
2014-03-07,0,28,32,0,13,13,0,14,16659,104,0,14,574,0,0,0,0,0,False,False,False
2014-03-08,0,27,32,0,13,13,0,14,16683,104,0,14,574,0,0,0,0,0,False,False,False
2014-03-09,0,28,32,0,13,13,0,14,16708,104,0,14,574,0,0,0,0,0,False,False,False
2014-03-10,0,28,32,0,13,13,0,14,16732,104,0,14,574,0,0,0,0,0,False,False,False
2014-03-11,0,27,32,0,13,13,0,14,16755,104,0,14,574,0,0,0,0,0,False,False,False
2014-03-12,0,27,32,0,13,13,0,14,16778,104,0,14,574,0,0,0,0,0,False,False,False
2014-03-13,0,27,32,0,13,13,0,14,16802,104,0,14,574,0,0,0,0,0,False,False,False
2014-03-14,0,27,32,0,13,13,0,14,16827,104,0,14,574,0,0,0,0,0,False,False,False
2014-03-15,0,27,32,0,13,13,0,14,16850,104,0,14,574,0,0,0,0,0,False,False,False
2014-03-16,0,28,32,0,13,13,0,14,16874,104,0,14,574,0,0,0,0,0,False,False,False
2014-03-17,0,28,32,0,13,13,0,14,16899,104,0,14,574,0,0,0,0,0,False,False,False
2014-03-18,0,28,32,0,13,13,0,14,16922,104,0,14,574,0,0,0,0,0,False,False,False
2014-03-19,0,27,32,0,13,13,0,14,16946,104,0,14,574,0,0,0,0,0,False,False,False
2014-03-20,0,27,32,0,13,13,0,14,16971,104,0,14,574,0,0,0,0,0,False,False,False
2014-03-21,0,27,32,0,13,13,0,14,16994,104,0,14,574,0,0,0,0,0,False,False,False
2014-03-22,0,28,32,0,13,13,0,14,17018,104,0,14,574,0,0,0,0,0,False,False,False
2014-03-23,0,28,32,1,13,13,0,14,17043,104,0,14,574,0,0,0,0,0,False,False,False
2014-03-24,0,28,32,0,13,13,0,14,17067,104,0,14,574,0,0,0,0,0,False,False,False
2014-03-25,0,28,32,0,13,13,0,14,17090,104,0,14,574,0,0,0,0,0,False,False,False
2014-03-26,0,27,32,0,13,13,0,14,17114,104,0,14,574,0,0,0,0,0,False,False,False
2014-03-27,0,27,32,0,13,13,0,14,17139,104,0,14,574,0,0,0,0,0,False,False,False
2014-03-28,0,26,32,0,13,13,0,14,17162,104,0,14,574,0,0,0,0,0,False,False,False
2014-03-29,0,26,32,0,13,13,0,14,17186,104,0,14,574,0,0,0,0,0,False,False,False
2014-03-30,0,27,33,0,13,13,0,14,17211,104,0,14,574,0,0,0,0,0,False,False,False
2014-03-31,0,27,33,0,13,13,0,14,17234,104,0,14,574,0,0,0,0,0,False,False,False
2014-04-01,0,27,33,0,13,13,0,14,17258,104,0,14,574,0,0,0,0,0,False,False,False
2014-04-02,0,26,33,0,13,13,0,14,17283,104,0,14,574,0,0,0,0,0,False,False,False
2014-04-03,0,26,33,0,13,13,0,14,17307,104,0,14,574,0,0,0,0,0,False,False,False
2014-04-04,0,26,33,0,13,13,0,14,17330,104,0,14,574,0,0,0,0,0,False,False,False
2014-04-05,0,27,33,0,13,13,0,14,17355,104,0,14,574,0,0,0,0,0,False,False,False
2014-04-06,0,26,33,0,13,13,0,14,17379,104,0,14,574,0,0,0,0,0,False,False,False
2014-04-07,0,27,33,0,13,13,0,14,17402,104,0,14,574,0,0,0,0,0,False,False,False
2014-04-08,0,26,33,0,13,13,0,14,17426,104,0,14,574,0,0,0,0,0,False,False,False
2014-04-09,0,26,33,0,13,13,0,14,17451,104,0,14,574,0,0,0,0,0,False,False,False
2014-04-10,0,27,33,0,13,13,0,14,17474,104,0,14,574,0,0,0,0,0,False,False,False
2014-04-11,0,27,33,0,13,13,0,14,17498,104,0,14,574,0,0,0,0,0,False,False,False
2014-04-12,0,28,33,0,13,13,0,14,17523,104,0,14,574,0,0,0,0,0,False,False,False
2014-04-13,0,28,33,0,13,13,0,14,17547,104,0,14,574,0,0,0,0,0,False,False,False
2014-04-14,0,28,33,0,13,13,0,14,17570,104,0,14,574,0,0,0,0,0,False,False,False
2014-04-15,0,28,33,0,13,13,0,14,17594,104,0,14,574,0,0,0,0,0,False,False,False
2014-04-16,0,27,33,0,13,13,0,14,17619,104,0,14,574,0,0,0,0,0,False,False,False
2014-04-17,0,27,33,0,13,13,0,14,17642,104,0,14,574,0,0,0,0,0,False,False,False
2014-04-18,0,28,33,0,13,13,0,14,17666,104,0,14,574,0,0,0,0,0,False,False,False
2014-04-19,0,28,33,0,13,13,0,14,17691,104,0,14,574,0,0,0,0,0,False,False,False
2014-04-20,0,28,33,0,13,13,0,14,17714,104,0,14,574,0,0,0,0,0,False,False,False
2014-04-21,0,28,33,0,13,13,0,14,17738,104,0,14,574,0,0,0,0,0,False,False,False
2014-04-22,0,27,33,0,13,13,0,14,17763,104,0,14,574,0,0,0,0,0,False,False,False
2014-04-23,0,28,33,0,13,13,0,14,17786,104,0,14,574,0,0,0,0,0,False,False,False
2014-04-24,0,28,33,0,13,13,0,14,17810,104,0,14,574,0,0,0,0,0,False,False,False
2014-04-25,0,27,33,0,13,13,0,14,17835,104,0,14,574,0,0,0,0,0,False,False,False
2014-04-26,0,28,33,0,13,13,0,14,17859,104,0,14,574,0,0,0,0,0,False,False,False
2014-04-27,0,28,33,0,13,13,0,14,17882,104,0,14,574,0,0,0,0,0,False,False,False
2014-04-28,0,27,33,0,13,13,0,14,17906,104,0,14,574,0,0,0,0,0,False,False,False
2014-04-29,0,28,33,0,13,13,0,14,17931,104,0,14,574,0,0,0,0,0,False,False,False
2014-04-30,0,28,33,0,13,13,0,14,17954,104,0,14,574,0,0,0,0,0,False,False,False
2014-05-01,0,26,33,0,13,13,0,14,17978,104,0,14,574,0,0,0,0,0,False,False,False
2014-05-02,0,27,33,0,13,13,0,14,18003,104,0,14,574,0,0,0,0,0,False,False,False
2014-05-03,0,27,33,0,13,13,0,14,18026,104,0,14,574,0,0,0,0,0,False,False,False
2014-05-04,0,27,33,0,13,13,0,14,18050,104,0,14,574,0,0,0,0,0,False,False,False
2014-05-05,0,26,33,0,13,13,0,14,18075,104,0,14,574,0,0,0,0,0,False,False,False
2014-05-06,0,27,33,0,13,13,0,14,18099,104,0,14,574,0,0,0,0,0,False,False,False
2014-05-07,0,28,33,0,13,13,0,14,18122,104,0,14,574,0,0,0,0,0,False,False,False
2014-05-08,0,26,33,0,13,13,0,14,18146,104,0,14,574,0,0,0,0,0,False,False,False
2014-05-09,0,26,33,0,13,13,0,14,18171,104,0,14,574,0,0,0,0,0,False,False,False
2014-05-10,0,28,33,0,13,13,0,14,18194,104,0,14,574,0,0,0,0,0,False,False,False
2014-05-11,0,27,33,0,13,13,0,14,18218,104,0,14,574,0,0,0,0,0,False,False,False
2014-05-12,0,27,33,0,13,13,0,14,18243,104,0,14,574,0,0,0,0,0,False,False,False
2014-05-13,0,27,33,0,13,13,0,14,18266,104,0,14,574,0,0,0,0,0,False,False,False
2014-05-14,0,25,33,0,13,13,0,14,18290,104,0,14,574,0,0,0,0,0,False,False,False
2014-05-15,0,26,33,0,13,13,0,14,18315,104,0,14,574,0,0,0,0,0,False,False,False
2014-05-16,0,25,33,0,13,13,0,14,18339,104,0,14,574,0,0,0,0,0,False,False,False
2014-05-17,0,27,33,0,13,13,0,14,18362,104,0,14,574,0,0,0,0,0,False,False,False
2014-05-18,0,28,33,0,13,13,0,14,18386,104,0,14,574,0,0,0,0,0,False,False,False
2014-05-19,0,28,33,0,13,13,0,14,18411,104,0,14,574,0,0,0,0,0,False,False,False
2014-05-20,0,28,33,0,13,13,0,14,18434,104,0,14,574,0,0,0,0,0,False,False,False
2014-05-21,0,28,33,0,13,13,0,14,18458,104,0,14,574,0,0,0,0,0,False,False,False
2014-05-22,0,28,33,0,13,13,0,14,18483,104,0,14,574,0,0,0,0,0,False,False,False
2014-05-23,0,26,33,0,13,13,0,14,18506,104,0,14,574,0,0,0,0,0,False,False,False
2014-05-24,0,28,33,0,13,13,0,14,18530,104,0,14,574,0,0,0,0,0,False,False,False
2014-05-25,0,28,33,0,13,13,0,14,18555,104,0,14,574,0,0,0,0,0,False,False,False
2014-05-26,0,27,33,0,13,13,0,14,18578,104,0,14,574,0,0,0,0,0,False,False,False
2014-05-27,0,27,33,0,13,13,0,14,18602,104,0,14,574,0,0,0,0,0,False,False,False
2014-05-28,0,28,33,0,13,13,0,14,18627,104,0,14,574,0,0,0,0,0,False,False,False
2014-05-29,0,28,33,0,13,13,0,14,18651,104,0,14,574,0,0,0,0,0,False,False,False
2014-05-30,0,28,33,0,13,13,0,14,18674,104,0,14,574,0,0,0,0,0,False,False,False
2014-05-31,0,27,33,0,13,13,0,14,18699,104,0,14,574,0,0,0,0,0,False,False,False
2014-06-01,0,28,33,0,13,13,0,14,18723,104,0,14,574,0,0,0,0,0,False,False,False
2014-06-02,0,28,33,0,13,13,0,14,18746,104,0,14,574,0,0,0,0,0,False,False,False
2014-06-03,0,28,33,0,13,13,0,14,18770,104,0,14,574,0,0,0,0,0,False,False,False
2014-06-04,0,28,33,0,13,13,0,14,18795,104,0,14,574,0,0,0,0,0,False,False,False
2014-06-05,0,28,33,0,13,13,0,14,18818,104,0,14,574,0,0,0,0,0,False,False,False
2014-06-06,0,27,33,0,13,13,0,14,18842,104,0,14,574,0,0,0,0,0,False,False,False
2014-06-07,0,27,33,0,13,13,0,14,18867,104,0,14,574,0,0,0,0,0,False,False,False
2014-06-08,0,27,33,0,13,13,0,14,18891,104,0,14,574,0,0,0,0,0,False,False,False
2014-06-09,0,27,33,0,13,13,0,14,18914,104,0,14,574,0,0,0,0,0,False,False,False
2014-06-10,0,27,33,0,13,13,0,14,18939,104,0,14,574,0,0,0,0,0,False,False,False
2014-06-11,0,27,33,0,13,13,0,14,18963,104,0,14,574,0,0,0,0,0,False,False,False
2014-06-12,0,27,33,0,13,13,0,14,18986,104,0,14,574,0,0,0,0,0,False,False,False
2014-06-13,0,27,33,0,13,13,0,14,19010,104,0,14,574,0,0,0,0,0,False,False,False
2014-06-14,0,27,33,0,13,13,0,14,19035,104,0,14,574,0,0,0,0,0,False,False,False
2014-06-15,0,27,33,0,13,13,0,14,19058,104,0,14,574,0,0,0,0,0,False,False,False
2014-06-16,0,27,33,0,13,13,0,14,19082,104,0,14,574,0,0,0,0,0,False,False,False
2014-06-17,0,27,33,0,13,13,0,14,19107,104,0,14,574,0,0,0,0,0,False,False,False
2014-06-18,0,27,33,0,13,13,0,14,19124,104,0,14,574,0,0,0,0,0,False,False,False
2014-06-23,0,27,33,0,13,13,0,14,19251,104,0,14,574,0,0,0,0,0,False,False,False
2014-06-24,0,27,33,0,13,13,0,14,19274,104,0,14,574,0,0,0,0,0,False,False,False
2014-06-25,0,27,33,0,13,13,0,14,19298,104,0,14,574,0,0,0,0,0,False,False,False
2014-06-26,0,27,33,0,13,13,0,14,19323,104,0,14,574,0,0,0,0,0,False,False,False
2014-06-27,0,27,33,0,13,13,0,14,19346,104,0,14,574,0,0,0,0,0,False,False,False
2014-06-28,0,27,33,0,13,13,0,14,19370,104,0,14,574,0,0,0,0,0,False,False,False
2014-06-29,0,27,33,0,13,13,0,14,19395,104,0,14,574,0,0,0,0,0,False,False,False
2014-06-30,0,27,33,0,13,13,0,14,19419,104,0,14,574,0,0,0,0,0,False,False,False
2014-07-01,0,27,33,0,13,13,0,14,19442,104,0,14,574,0,0,0,0,0,False,False,False
2014-07-02,0,27,33,0,13,13,0,14,19466,104,0,14,574,0,0,0,0,0,False,False,False
2014-07-03,0,27,33,0,13,13,0,14,19491,104,0,14,574,0,0,0,0,0,False,False,False
2014-07-04,0,27,33,0,13,13,0,14,19514,104,0,14,574,0,0,0,0,0,False,False,False
2014-07-05,0,27,33,0,13,13,0,14,19538,104,0,14,574,0,0,0,0,0,False,False,False
2014-07-06,0,27,33,0,13,13,0,14,19563,104,0,14,574,0,0,0,0,0,False,False,False
2014-07-07,0,27,33,0,13,13,0,14,19586,104,0,14,574,0,0,0,0,0,False,False,False
2014-07-08,0,27,33,0,13,13,0,14,19610,104,0,14,574,0,0,0,0,0,False,False,False
2014-07-09,0,27,33,0,13,13,0,14,19635,104,0,14,574,0,0,0,0,0,False,False,False
2014-07-10,0,27,33,0,13,13,0,14,19659,104,0,14,574,0,0,0,0,0,False,False,False
2014-07-11,0,23,33,0,13,13,0,14,19682,104,0,14,574,0,0,0,0,0,False,False,False
2014-07-12,0,24,33,0,13,13,0,14,19707,104,0,14,574,0,0,0,0,0,False,False,False
2014-07-13,0,24,33,0,13,13,0,14,19731,104,0,14,574,0,0,0,0,0,False,False,False
2014-07-14,0,24,33,0,13,13,0,14,19754,104,0,14,574,0,0,0,0,0,False,False,False
2014-07-15,0,23,33,0,13,13,0,14,19778,104,0,14,574,0,0,0,0,0,False,False,False
2014-07-16,0,24,33,0,13,13,0,14,19803,104,0,14,574,0,0,0,0,0,False,False,False
2014-07-17,0,24,33,0,13,13,0,14,19826,104,0,14,574,0,0,0,0,0,False,False,False
2014-07-18,0,24,33,0,13,13,0,14,19850,104,0,14,574,0,0,0,0,0,False,False,False
2014-07-19,0,23,33,0,13,13,0,14,19875,104,0,14,574,0,0,0,0,0,False,False,False
2014-07-20,0,24,33,0,13,13,0,14,19898,104,0,14,574,0,0,0,0,0,False,False,False
2014-07-21,0,24,33,0,13,13,0,14,19922,104,0,14,574,0,0,0,0,0,False,False,False
2014-07-22,0,24,33,0,13,13,0,14,19947,104,0,14,574,0,0,0,0,0,False,False,False
2014-07-23,0,24,33,0,13,13,0,14,19971,104,0,14,574,0,0,0,0,0,False,False,False
2014-07-24,0,24,33,0,13,13,0,14,19994,104,0,14,574,0,0,0,0,0,False,False,False
2014-07-25,0,24,33,0,13,13,0,14,20019,104,0,14,574,0,0,0,0,0,False,False,False
2014-07-26,0,23,33,0,13,13,0,14,20043,104,0,14,574,0,0,0,0,0,False,False,False
2014-07-27,0,24,33,0,13,13,0,14,20066,104,0,14,574,0,0,0,0,0,False,False,False
2014-07-28,0,24,33,0,13,13,0,14,20090,104,0,14,574,0,0,0,0,0,False,False,False
2014-07-29,0,25,33,0,13,13,0,14,20115,104,0,14,574,0,0,0,0,0,False,False,False
2014-07-30,0,23,33,0,13,13,0,14,20138,104,0,14,574,0,0,0,0,0,False,False,False
2014-07-31,0,23,33,0,13,13,0,14,20162,104,0,14,574,0,0,0,0,0,False,False,False
2014-08-01,0,23,33,0,13,13,0,14,20187,104,0,14,574,0,0,0,0,0,False,False,False
2014-08-02,0,23,33,0,13,13,0,14,20211,104,0,14,574,0,0,0,0,0,False,False,False
2014-08-03,0,23,33,0,13,13,0,14,20234,104,0,14,574,0,0,0,0,0,False,False,False
2014-08-04,0,23,33,0,13,13,0,14,20259,104,0,14,574,0,0,0,0,0,False,False,False
2014-08-05,0,23,33,0,13,13,0,14,20283,104,0,14,574,0,0,0,0,0,False,False,False
2014-08-06,0,24,33,0,13,13,0,14,20306,104,0,14,574,0,0,0,0,0,False,False,False
2014-08-07,0,23,33,0,13,13,0,14,20330,104,0,14,574,0,0,0,0,0,False,False,False
2014-08-08,0,23,33,0,13,13,0,14,20355,104,0,14,574,0,0,0,0,0,False,False,False
2014-08-09,0,22,33,0,13,13,0,14,20378,104,0,14,574,0,0,0,0,0,False,False,False
2014-08-10,0,23,33,0,13,13,0,14,20402,104,0,14,574,0,0,0,0,0,False,False,False
2014-08-11,0,23,33,0,13,13,0,14,20427,104,0,14,574,0,0,0,0,0,False,False,False
2014-08-12,0,22,33,0,13,13,0,14,20451,104,0,14,574,0,0,0,0,0,False,False,False
2014-08-13,0,22,33,0,13,13,0,14,20474,104,0,14,574,0,0,0,0,0,False,False,False
2014-08-14,0,23,33,0,13,13,0,14,20499,104,0,14,574,0,0,0,0,0,False,False,False
2014-08-15,0,23,33,0,13,13,0,14,20523,104,0,14,574,0,0,0,0,0,False,False,False
2014-08-16,0,22,33,0,13,13,0,14,20546,104,0,14,574,0,0,0,0,0,False,False,False
2014-08-17,0,22,33,0,13,13,0,14,20570,104,0,14,574,0,0,0,0,0,False,False,False
2014-08-18,0,23,33,0,13,13,0,14,20595,104,0,14,574,0,0,0,0,0,False,False,False
2014-08-19,0,22,33,0,13,13,0,14,20618,104,0,14,574,0,0,0,0,0,False,False,False
2014-08-20,0,24,33,0,13,13,0,14,20642,104,0,14,574,0,0,0,0,0,False,False,False
2014-08-21,0,23,33,0,13,13,0,14,20667,104,0,14,574,0,0,0,0,0,False,False,False
2014-08-22,0,25,33,0,13,13,0,14,20691,104,0,14,574,0,0,0,0,0,False,False,False
2014-08-23,0,25,33,0,13,13,0,14,20714,104,0,14,574,0,0,0,0,0,False,False,False
2014-08-24,0,25,33,0,13,13,0,14,20739,104,0,14,574,0,0,0,0,0,False,False,False
2014-08-25,0,24,33,0,13,13,0,14,20763,104,0,14,574,0,0,0,0,0,False,False,False
2014-08-26,0,24,33,0,13,13,0,14,20786,104,0,14,574,0,0,0,0,0,False,False,False
2014-08-27,0,25,33,0,13,13,0,14,20810,104,0,14,574,0,0,0,0,0,False,False,False
2014-08-28,0,25,33,0,13,13,0,14,20835,104,0,14,574,0,0,0,0,0,False,False,False
2014-08-29,0,25,33,0,13,13,0,14,20859,104,0,14,574,0,0,0,0,0,False,False,False
2014-08-30,0,25,33,0,13,13,0,14,20882,104,0,14,574,0,0,0,0,0,False,False,False
2014-08-31,0,25,33,0,13,13,0,14,20907,104,0,14,574,0,0,0,0,0,False,False,False
2014-09-01,0,26,33,0,13,13,0,14,20931,104,0,14,574,0,0,0,0,0,False,False,False
2014-09-02,0,25,33,0,13,13,0,14,20954,104,0,14,574,0,0,0,0,0,False,False,False
2014-09-03,0,25,33,0,13,13,0,14,20979,104,0,14,574,0,0,0,0,0,False,False,False
2014-09-04,0,25,33,0,13,13,0,14,21003,104,0,14,574,0,0,0,0,0,False,False,False
2014-09-05,0,25,33,0,13,13,0,14,21026,104,0,14,574,0,0,0,0,0,False,False,False
2014-09-06,0,25,33,0,13,13,0,14,21051,104,0,14,574,0,0,0,0,0,False,False,False
2014-09-07,0,25,33,0,13,13,0,14,21075,104,0,14,574,0,0,0,0,0,False,False,False
2014-09-08,0,25,33,0,13,13,0,14,21098,104,0,14,574,0,0,0,0,0,False,False,False
2014-09-09,0,25,33,0,13,13,0,14,21122,104,0,14,574,0,0,0,0,0,False,False,False
2014-09-10,0,24,33,0,13,13,0,14,21147,104,0,14,574,0,0,0,0,0,False,False,False
2014-09-11,0,25,33,0,13,13,0,14,21171,104,0,14,574,0,0,0,0,0,False,False,False
2014-09-12,0,25,33,0,13,13,0,14,21194,104,0,14,574,0,0,0,0,0,False,False,False
2014-09-13,0,25,33,0,13,13,0,14,21219,104,0,14,574,0,0,0,0,0,False,False,False
2014-09-14,0,25,33,0,13,13,0,14,21243,104,0,14,574,0,0,0,0,0,False,False,False
2014-09-15,0,25,33,0,13,13,0,14,21266,104,0,14,574,0,0,0,0,0,False,False,False
2014-09-16,0,25,33,0,13,13,0,14,21291,104,0,14,574,0,0,0,0,0,False,False,False
2014-09-17,0,25,33,0,13,13,0,14,21315,104,0,14,574,0,0,0,0,0,False,False,False
2014-09-18,0,25,33,0,13,13,0,14,21338,104,0,14,574,0,0,0,0,0,False,False,False
2014-09-19,0,26,33,0,13,13,0,14,21362,104,0,14,574,0,0,0,0,0,False,False,False
2014-09-20,0,26,33,0,13,13,0,14,21387,104,0,14,574,0,0,0,0,0,False,False,False
2014-09-21,0,25,33,0,13,13,0,14,21411,104,0,14,574,0,0,0,0,0,False,False,False
2014-09-22,0,25,33,0,13,13,0,14,21434,104,0,14,574,0,0,0,0,0,False,False,False
2014-09-23,0,25,33,0,13,13,0,14,21459,104,0,14,574,0,0,0,0,0,False,False,False
2014-09-24,0,25,33,0,13,13,0,14,21483,104,0,14,574,0,0,0,0,0,False,False,False
2014-09-25,0,26,33,0,13,13,0,14,21506,104,0,14,574,0,0,0,0,0,False,False,False
2014-09-26,0,25,33,0,13,13,0,14,21531,104,0,14,574,0,0,0,0,0,False,False,False
2014-09-27,0,25,33,0,13,13,0,14,21555,104,0,14,574,0,0,0,0,0,False,False,False
2014-09-28,0,25,33,0,13,13,0,14,21578,104,0,14,574,0,0,0,0,0,False,False,False
2014-09-29,0,24,33,0,13,13,0,14,21602,104,0,14,574,0,0,0,0,0,False,False,False
2014-09-30,0,25,33,0,13,13,0,14,21627,104,0,14,574,0,0,0,0,0,False,False,False
2014-10-01,0,25,33,0,13,13,0,14,21651,104,0,14,574,0,0,0,0,0,False,False,False
2014-10-02,0,25,33,0,13,13,0,14,21674,104,0,14,574,0,0,0,0,0,False,False,False
2014-10-03,0,25,33,0,13,13,0,14,21699,104,0,14,574,0,0,0,0,0,False,False,False
2014-10-04,0,25,33,0,13,13,0,14,21723,104,0,14,574,0,0,0,0,0,False,False,False
2014-10-05,0,25,33,0,13,13,0,14,21746,104,0,14,574,0,0,0,0,0,False,False,False
2014-10-06,0,25,33,0,13,13,0,14,21771,104,0,14,574,0,0,0,0,0,False,False,False
2014-10-07,0,25,33,0,13,13,0,14,21795,104,0,14,574,0,0,0,0,0,False,False,False
2014-10-08,0,25,33,0,13,13,0,14,21818,104,0,14,574,0,0,0,0,0,False,False,False
2014-10-09,0,25,33,0,13,13,0,14,21843,104,0,14,574,0,0,0,0,0,False,False,False
2014-10-10,0,25,33,0,13,13,0,14,21867,104,0,14,574,0,0,0,0,0,False,False,False
2014-10-11,0,25,33,0,13,13,0,14,21890,104,0,14,574,0,0,0,0,0,False,False,False
2014-10-12,0,25,33,0,13,13,0,14,21915,104,0,14,574,0,0,0,0,0,False,False,False
2014-10-13,0,25,33,0,13,13,0,14,21939,104,0,14,574,0,0,0,0,0,False,False,False
2014-10-14,0,26,33,0,13,13,0,14,21963,104,0,14,574,0,0,0,0,0,False,False,False
2014-10-15,0,25,33,0,13,13,0,14,21986,104,0,14,574,0,0,0,0,0,False,False,False
2014-10-16,0,24,33,0,13,13,0,14,22011,104,0,14,574,0,0,0,0,0,False,False,False
2014-10-17,0,25,33,0,13,13,0,14,22035,104,0,14,574,0,0,0,0,0,False,False,False
2014-10-18,0,24,33,0,13,13,0,14,22058,104,0,14,574,0,0,0,0,0,False,False,False
2014-10-19,0,24,33,0,13,13,0,14,22083,104,0,14,574,0,0,0,0,0,False,False,False
2014-10-20,0,24,33,0,13,13,0,14,22107,104,0,14,574,0,0,0,0,0,False,False,False
2014-10-21,0,24,33,0,13,13,0,14,22130,104,0,14,574,0,0,0,0,0,False,False,False
2014-10-22,0,25,33,0,13,13,0,14,22154,104,0,14,574,0,0,0,0,0,False,False,False
2014-10-23,0,25,33,0,13,13,0,14,22179,104,0,14,574,0,0,0,0,0,False,False,False
2014-10-24,0,25,33,0,13,13,0,14,22203,104,0,14,574,0,0,0,0,0,False,False,False
2014-10-25,0,24,33,0,13,13,0,14,22226,104,0,14,574,0,0,0,0,0,False,False,False
2014-10-26,0,24,33,0,13,13,0,14,22251,104,0,14,574,0,0,0,0,0,False,False,False
2014-10-27,0,24,33,0,13,13,0,14,22275,104,0,14,574,0,0,0,0,0,False,False,False
2014-10-28,0,24,33,0,13,13,0,14,22298,104,0,14,574,0,0,0,0,0,False,False,False
2014-10-29,0,23,33,0,13,13,0,14,22323,104,0,14,574,0,0,0,0,0,False,False,False
2014-10-30,0,24,33,0,13,13,0,14,22347,104,0,14,574,0,0,0,0,0,False,False,False
2014-10-31,0,26,33,0,13,13,0,14,22370,104,0,14,574,0,0,0,0,0,False,False,False
2014-11-01,0,26,33,0,13,13,0,14,22394,104,0,14,574,0,0,0,0,0,False,False,False
2014-11-03,0,23,33,0,13,13,0,14,22443,104,0,14,574,0,0,0,0,0,False,False,False
2014-11-04,0,26,33,0,13,13,0,14,22468,104,0,14,574,0,0,0,0,0,False,False,False
2014-11-05,0,26,33,0,13,13,0,14,22492,104,0,14,574,0,0,0,0,0,False,False,False
2014-11-06,0,25,33,0,13,13,0,14,22515,104,0,14,574,0,0,0,0,0,False,False,False
2014-11-07,0,26,33,0,13,13,0,14,22540,104,0,14,574,0,0,0,0,0,False,False,False
2014-11-08,0,27,33,0,13,13,0,14,22564,104,0,14,574,0,0,0,0,0,False,False,False
2014-11-09,0,26,33,0,13,13,0,14,22587,104,0,14,574,0,0,0,0,0,False,False,False
2014-11-10,0,27,33,0,13,13,0,14,22612,104,0,14,574,0,0,0,0,0,False,False,False
2014-11-11,0,26,33,0,13,13,0,14,22636,104,0,14,574,0,0,0,0,0,False,False,False
2014-11-12,0,24,33,0,13,13,0,14,22660,104,0,14,574,0,0,0,0,0,False,False,False
2014-11-13,0,25,33,0,13,13,0,14,22683,104,0,14,574,0,0,0,0,0,False,False,False
2014-11-14,0,26,33,0,13,13,0,14,22708,104,0,14,574,0,0,0,0,0,False,False,False
2014-11-15,0,26,33,0,13,13,0,14,22732,104,0,14,574,0,0,0,0,0,False,False,False
2014-11-16,0,25,33,0,13,13,0,14,22755,104,0,14,574,0,0,0,0,0,False,False,False
2014-11-17,0,25,33,0,13,13,0,14,22780,104,0,14,574,0,0,0,0,0,False,False,False
2014-11-18,0,26,33,0,13,13,0,14,22804,104,0,14,574,0,0,0,0,0,False,False,False
2014-11-19,0,25,33,0,13,13,0,14,22827,104,0,14,574,0,0,0,0,0,False,False,False
2014-11-20,0,27,33,0,13,13,0,14,22851,104,0,14,574,0,0,0,0,0,False,False,False
2014-11-21,0,25,33,0,13,13,0,14,22876,104,0,14,574,0,0,0,0,0,False,False,False
2014-11-22,0,26,33,0,13,13,0,14,22900,104,0,14,574,0,0,0,0,0,False,False,False
2014-11-23,0,26,33,0,13,13,0,14,22924,104,0,14,574,0,0,0,0,0,False,False,False
2014-11-24,0,26,33,0,13,13,0,14,22948,104,0,14,574,0,0,0,0,0,False,False,False
2014-11-25,0,26,33,0,13,13,0,14,22972,104,0,14,574,0,0,0,0,0,False,False,False
2014-11-26,0,27,33,0,13,13,0,14,22995,104,0,14,574,0,0,0,0,0,False,False,False
2014-11-27,0,27,33,0,13,13,0,14,23020,104,0,14,574,0,0,0,0,0,False,False,False
2014-11-28,0,26,33,0,13,13,0,14,23044,104,0,14,574,0,0,0,0,0,False,False,False
2014-11-29,0,26,33,0,13,13,0,14,23067,104,0,14,574,0,0,0,0,0,False,False,False
2014-11-30,0,25,33,0,13,13,0,14,23092,104,0,14,574,0,0,0,0,0,False,False,False
2014-12-01,0,26,33,0,13,13,0,14,23116,104,0,14,574,0,0,0,0,0,False,False,False
2014-12-02,0,27,33,0,13,13,0,14,23139,104,0,14,574,0,0,0,0,0,False,False,False
2014-12-03,0,25,33,0,13,13,0,14,23163,104,0,14,574,0,0,0,0,0,False,False,False
2014-12-04,0,25,33,0,13,13,0,14,23188,104,0,14,574,0,0,0,0,0,False,False,False
2014-12-05,0,25,33,0,13,13,0,14,23212,104,0,14,574,0,0,0,0,0,False,False,False
2014-12-06,0,25,33,0,13,13,0,14,23235,104,0,14,574,0,0,0,0,0,False,False,False
2014-12-07,0,27,33,0,13,13,0,14,23260,104,0,14,574,0,0,0,0,0,False,False,False
2014-12-08,0,26,33,0,13,13,0,14,23284,104,0,14,574,0,0,0,0,0,False,False,False
2014-12-09,0,27,33,0,13,13,0,14,23307,104,0,14,574,0,0,0,0,0,False,False,False
2014-12-10,0,27,33,0,13,13,0,14,23332,104,0,14,574,0,0,0,0,0,False,False,False
2014-12-11,0,26,33,0,13,13,0,14,23356,104,0,14,574,0,0,0,0,0,False,False,False
2014-12-12,0,25,33,0,13,13,0,14,23379,104,0,14,574,0,0,0,0,0,False,False,False
2014-12-13,0,25,33,0,13,13,0,14,23404,104,0,14,574,0,0,0,0,0,False,False,False
2014-12-14,0,26,33,0,13,13,0,14,23428,104,0,14,574,0,0,0,0,0,False,False,False
2014-12-15,0,26,33,0,13,13,0,14,23452,104,0,14,574,0,0,0,0,0,False,False,False
2014-12-16,0,26,33,0,13,13,0,14,23475,104,0,14,574,0,0,0,0,0,False,False,False
2014-12-17,0,25,33,0,13,13,0,14,23500,104,0,14,574,0,0,0,0,0,False,False,False
2014-12-18,0,27,33,0,13,13,0,14,23524,104,0,14,574,0,0,0,0,0,False,False,False
2014-12-19,0,25,33,0,13,13,0,14,23547,104,0,14,574,0,0,0,0,0,False,False,False
2014-12-20,0,25,33,0,13,13,0,14,23572,104,0,14,574,0,0,0,0,0,False,False,False
2014-12-21,0,24,33,0,13,13,0,14,23596,104,0,14,574,0,0,0,0,0,False,False,False
2014-12-22,0,24,33,0,13,13,0,14,23619,104,0,14,574,0,0,0,0,0,False,False,False
2014-12-23,0,25,33,0,13,13,0,14,23644,104,0,14,574,0,0,0,0,0,False,False,False
2014-12-24,0,25,33,0,13,13,0,14,23668,104,0,14,574,0,0,0,0,0,False,False,False
2014-12-25,0,25,33,0,13,13,0,14,23692,104,0,14,574,0,0,0,0,0,False,False,False
2014-12-26,0,24,33,0,13,13,0,14,23716,104,0,14,574,0,0,0,0,0,False,False,False
2014-12-27,0,25,33,0,13,13,0,14,23740,104,0,14,574,0,0,0,0,0,False,False,False
2014-12-28,0,24,33,0,13,13,0,14,23764,104,0,14,574,0,0,0,0,0,False,False,False
2014-12-29,0,25,33,0,13,13,0,14,23787,104,0,14,574,0,0,0,0,0,False,False,False
2014-12-30,0,25,33,0,13,13,0,14,23812,104,0,14,574,0,0,0,0,0,False,False,False
2014-12-31,0,24,33,0,13,13,0,14,23836,104,0,14,574,0,0,0,0,0,False,False,False
2015-01-01,0,24,33,0,13,13,0,14,23859,104,0,14,574,0,0,0,0,0,False,False,False
2015-01-02,0,25,33,0,13,13,0,14,23883,104,0,14,574,0,0,0,0,0,False,False,False
2015-01-03,0,25,33,0,13,13,0,14,23908,104,0,14,574,0,0,0,0,0,False,False,False
2015-01-04,0,25,33,0,13,13,0,14,23931,104,0,14,574,0,0,0,0,0,False,False,False
2015-01-05,0,25,33,0,13,13,0,14,23955,104,0,14,574,0,0,0,0,0,False,False,False
2015-01-06,0,26,33,0,13,13,0,14,23980,104,0,14,574,0,0,0,0,0,False,False,False
2015-01-07,0,26,33,0,13,13,0,14,24004,104,0,14,574,0,0,0,0,0,False,False,False
2015-01-08,0,26,33,0,13,13,0,14,24028,104,0,14,574,0,0,0,0,0,False,False,False
2015-01-09,0,27,33,0,13,13,0,14,24052,104,0,14,574,0,0,0,0,0,False,False,False
2015-01-10,0,26,33,0,13,13,0,14,24076,104,0,14,574,0,0,0,0,0,False,False,False
2015-01-11,0,25,33,0,13,13,0,14,24099,104,0,14,574,0,0,0,0,0,False,False,False
2015-01-12,0,27,33,0,13,13,0,14,24124,104,0,14,574,0,0,0,0,0,False,False,False
2015-01-13,0,26,33,0,13,13,0,14,24148,104,0,14,574,0,0,0,0,0,False,False,False
2015-01-14,0,27,33,0,13,13,0,14,24171,104,0,14,574,0,0,0,0,0,False,False,False
2015-01-15,0,26,33,0,13,13,0,14,24196,104,0,14,574,0,0,0,0,0,False,False,False
2015-01-16,0,26,33,0,13,13,0,14,24220,104,0,14,574,0,0,0,0,0,False,False,False
2015-01-17,0,26,33,0,13,13,0,14,24244,104,0,14,574,0,0,0,0,0,False,False,False
2015-01-18,0,26,33,0,13,13,0,14,24267,104,0,14,574,0,0,0,0,0,False,False,False
2015-01-19,0,27,33,0,13,13,0,14,24292,104,0,14,574,0,0,0,0,0,False,False,False
2015-01-20,0,27,33,0,13,13,0,14,24316,104,0,14,574,0,0,0,0,0,False,False,False
2015-01-21,0,26,33,0,13,13,0,14,24339,104,0,14,574,0,0,0,0,0,False,False,False
2015-01-22,0,26,33,0,13,13,0,14,24364,104,0,14,574,0,0,0,0,0,False,False,False
2015-01-23,0,26,33,0,13,13,0,14,24388,104,0,14,574,0,0,0,0,0,False,False,False
2015-01-24,0,26,33,0,13,13,0,14,24411,104,0,14,574,0,0,0,0,0,False,False,False
2015-01-25,0,23,33,0,13,13,0,14,24436,104,0,14,574,0,0,0,0,0,False,False,False
2015-01-26,0,24,33,0,13,13,0,14,24460,104,0,14,574,0,0,0,0,0,False,False,False
2015-01-27,0,24,33,0,13,13,0,14,24484,104,0,14,574,0,0,0,0,0,False,False,False
2015-01-28,0,24,33,0,13,13,0,14,24507,104,0,14,574,0,0,0,0,0,False,False,False
2015-01-29,0,26,33,0,13,13,0,14,24532,104,0,14,574,0,0,0,0,0,False,False,False
2015-01-30,0,27,33,0,13,13,0,14,24556,104,0,14,574,0,0,0,0,0,False,False,False
2015-01-31,0,27,33,0,13,13,0,14,24579,104,0,14,574,0,0,0,0,0,False,False,False
2015-02-01,0,26,33,0,13,13,0,14,24604,104,0,14,574,0,0,0,0,0,False,False,False
2015-02-02,0,27,33,0,13,13,0,14,24628,104,0,14,574,0,0,0,0,0,False,False,False
2015-02-03,0,27,33,0,13,13,0,14,24651,104,0,14,574,0,0,0,0,0,False,False,False
2015-02-04,0,27,33,0,13,13,0,14,24676,104,0,14,574,0,0,0,0,0,False,False,False
2015-02-05,0,23,33,0,13,13,0,14,24700,104,0,14,574,0,0,0,0,0,False,False,False
2015-02-06,0,26,33,0,13,13,0,14,24723,104,0,14,574,0,0,0,0,0,False,False,False
2015-02-07,0,26,33,0,13,13,0,14,24747,104,0,14,574,0,0,0,0,0,False,False,False
2015-02-08,0,25,33,0,13,13,0,14,24772,104,0,14,574,0,0,0,0,0,False,False,False
2015-02-09,0,26,33,0,13,13,0,14,24796,104,0,14,574,0,0,0,0,0,False,False,False
2015-02-10,0,27,33,0,13,13,0,14,24820,104,0,14,574,0,0,0,0,0,False,False,False
2015-02-11,0,26,33,0,13,13,0,14,24844,104,0,14,574,0,0,0,0,0,False,False,False
2015-02-12,0,26,33,0,13,13,0,14,24868,104,0,14,574,0,0,0,0,0,False,False,False
2015-02-13,0,27,33,0,13,13,0,14,24891,104,0,14,574,0,0,0,0,0,False,False,False
2015-02-14,0,27,33,0,13,13,0,14,24916,104,0,14,574,0,0,0,0,0,False,False,False
2015-02-15,0,27,33,0,13,13,0,14,24940,104,0,14,574,0,0,0,0,0,False,False,False
2015-02-16,0,27,33,0,13,13,0,14,24963,104,0,14,574,0,0,0,0,0,False,False,False
2015-02-17,0,26,33,0,13,13,0,14,24988,104,0,14,574,0,0,0,0,0,False,False,False
2015-02-18,0,27,33,0,13,13,0,14,25012,104,0,14,574,0,0,0,0,0,False,False,False
2015-02-19,0,27,33,0,13,13,0,14,25036,104,0,14,574,0,0,0,0,0,False,False,False
2015-02-20,0,27,33,0,13,13,0,14,25059,104,0,14,574,0,0,0,0,0,False,False,False
2015-02-21,0,27,33,0,13,13,0,14,25084,104,0,14,574,0,0,0,0,0,False,False,False
2015-02-22,0,26,33,0,13,13,0,14,25108,104,0,14,574,0,0,0,0,0,False,False,False
2015-02-23,0,26,33,0,13,13,0,14,25131,104,0,14,574,0,0,0,0,0,False,False,False
2015-02-24,0,27,33,0,13,13,0,14,25156,104,0,14,574,0,0,0,0,0,False,False,False
2015-02-25,0,26,33,0,13,13,0,14,25180,104,0,14,574,0,0,0,0,0,False,False,False
2015-02-26,0,26,33,0,13,13,0,14,25204,104,0,14,574,0,0,0,0,0,False,False,False
2015-02-27,0,27,33,0,13,13,0,14,25227,104,0,14,574,0,0,0,0,0,False,False,False
2015-02-28,0,26,33,0,13,13,0,14,25252,104,0,14,574,0,0,0,0,0,False,False,False
2015-03-01,0,27,33,0,13,13,0,14,25276,104,0,14,574,0,0,0,0,0,False,False,False
2015-03-02,0,26,33,0,13,13,0,14,25299,104,0,14,574,0,0,0,0,0,False,False,False
2015-03-03,0,27,33,0,13,13,0,14,25324,104,0,14,574,0,0,0,0,0,False,False,False
2015-03-04,0,26,33,0,13,13,0,14,25348,104,0,14,574,0,0,0,0,0,False,False,False
2015-03-05,0,25,33,0,13,13,0,14,25372,104,0,14,574,0,0,0,0,0,False,False,False
2015-03-06,0,26,33,0,13,13,0,14,25395,104,0,14,574,0,0,0,0,0,False,False,False
2015-03-07,0,26,33,0,13,13,0,14,25420,104,0,14,574,0,0,0,0,0,False,False,False
2015-03-08,0,27,33,0,13,13,0,14,25444,104,0,14,574,0,0,0,0,0,False,False,False
2015-03-09,0,27,33,0,13,13,0,14,25467,104,0,14,574,0,0,0,0,0,False,False,False
2015-03-10,0,26,33,0,13,13,0,14,25490,104,0,14,574,0,0,0,0,0,False,False,False
2015-03-11,0,26,33,0,13,13,0,14,25515,104,0,14,574,0,0,0,0,0,False,False,False
2015-03-12,0,26,33,0,13,13,0,14,25539,104,0,14,574,0,0,0,0,0,False,False,False
2015-03-13,0,26,33,0,13,13,0,14,25562,104,0,14,574,0,0,0,0,0,False,False,False
2015-03-14,0,26,33,0,13,13,0,14,25587,104,0,14,574,0,0,0,0,0,False,False,False
2015-03-15,0,25,33,0,13,13,0,14,25611,104,0,14,574,0,0,0,0,0,False,False,False
2015-03-16,0,26,33,0,13,13,0,14,25635,104,0,14,574,0,0,0,0,0,False,False,False
2015-03-17,0,26,33,0,13,13,0,14,25659,104,0,14,574,0,0,0,0,0,False,False,False
2015-03-18,0,27,33,0,13,13,0,14,25683,104,0,14,574,0,0,0,0,0,False,False,False
2015-03-19,0,25,33,0,13,13,0,14,25707,104,0,14,574,0,0,0,0,0,False,False,False
2015-03-20,0,29,33,0,13,13,0,14,25730,104,0,14,574,0,0,0,0,0,False,False,False
2015-03-21,0,28,33,0,13,13,0,14,25755,104,0,14,574,0,0,0,0,0,False,False,False
2015-03-22,0,26,33,0,13,13,0,14,25779,104,0,14,574,0,0,0,0,0,False,False,False
2015-03-23,0,28,33,0,13,13,0,14,25802,104,0,14,574,0,0,0,0,0,False,False,False
2015-03-24,0,28,33,0,13,13,0,14,25827,104,0,14,574,0,0,0,0,0,False,False,False
2015-03-25,0,28,33,0,13,13,0,14,25851,104,0,14,574,0,0,0,0,0,False,False,False
2015-03-26,0,28,33,0,13,13,0,14,25875,104,0,14,574,0,0,0,0,0,False,False,False
2015-03-27,0,29,33,0,13,13,0,14,25899,104,0,14,574,0,0,0,0,0,False,False,False
2015-03-28,0,28,33,0,13,13,0,14,25923,104,0,14,574,0,0,0,0,0,False,False,False
2015-03-29,0,28,33,0,13,13,0,14,25947,104,0,14,574,0,0,0,0,0,False,False,False
2015-03-30,0,28,33,0,13,13,0,14,25971,104,0,14,574,0,0,0,0,0,False,False,False
2015-03-31,0,28,33,0,13,13,0,14,25995,104,0,14,574,0,0,0,0,0,False,False,False
2015-04-01,0,27,33,0,13,13,0,14,26019,104,0,14,574,0,0,0,0,0,False,False,False
2015-04-02,0,28,33,0,13,13,0,14,26043,104,0,14,574,0,0,0,0,0,False,False,False
2015-04-03,0,27,33,0,13,13,0,14,26067,104,0,14,574,0,0,0,0,0,False,False,False
2015-04-04,0,28,33,0,13,13,0,14,26091,104,0,14,574,0,0,0,0,0,False,False,False
2015-04-05,0,28,33,0,13,13,0,14,26114,104,0,14,574,0,0,0,0,0,False,False,False
2015-04-06,0,27,33,0,13,13,0,14,26139,104,0,14,574,0,0,0,0,0,False,False,False
2015-04-07,0,28,33,0,13,13,0,14,26163,104,0,14,574,0,0,0,0,0,False,False,False
2015-04-08,0,27,33,0,13,13,0,14,26187,104,0,14,574,0,0,0,0,0,False,False,False
2015-04-09,0,28,33,0,13,13,0,14,26211,104,0,14,574,0,0,0,0,0,False,False,False
2015-04-10,0,28,33,0,13,13,0,14,26235,104,0,14,574,0,0,0,0,0,False,False,False
2015-04-11,0,28,33,0,13,13,0,14,26259,104,0,14,574,0,0,0,0,0,False,False,False
2015-04-12,0,28,33,0,13,13,0,14,26282,104,0,14,574,0,0,0,0,0,False,False,False
2015-04-13,0,28,33,0,13,13,0,14,26307,104,0,14,574,0,0,0,0,0,False,False,False
2015-04-14,0,26,33,0,13,13,0,14,26331,104,0,14,574,0,0,0,0,0,False,False,False
2015-04-15,0,27,33,0,13,13,0,14,26354,104,0,14,574,0,0,0,0,0,False,False,False
2015-04-16,0,25,33,0,13,13,0,14,26379,104,0,14,574,0,0,0,0,0,False,False,False
2015-04-17,0,25,33,0,13,13,0,14,26403,104,0,14,574,0,0,0,0,0,False,False,False
2015-04-18,0,26,33,0,13,13,0,14,26427,104,0,14,574,0,0,0,0,0,False,False,False
2015-04-19,0,26,33,0,13,13,0,14,26451,104,0,14,574,0,0,0,0,0,False,False,False
2015-04-20,0,27,33,0,13,13,0,14,26475,104,0,14,574,0,0,0,0,0,False,False,False
2015-04-21,0,26,33,0,13,13,0,14,26499,104,0,14,574,0,0,0,0,0,False,False,False
2015-04-22,0,26,33,0,13,13,0,14,26523,104,0,14,574,0,0,0,0,0,False,False,False
2015-04-23,0,25,33,0,13,13,0,14,26547,104,0,14,574,0,0,0,0,0,False,False,False
2015-04-24,0,25,33,0,13,13,0,14,26571,104,0,14,574,0,0,0,0,0,False,False,False
2015-04-25,0,25,33,0,13,13,0,14,26594,104,0,14,574,0,0,0,0,0,False,False,False
2015-04-26,0,25,33,0,13,13,0,14,26619,104,0,14,574,0,0,0,0,0,False,False,False
2015-04-27,0,26,33,0,13,13,0,14,26643,104,0,14,574,0,0,0,0,0,False,False,False
2015-04-28,0,26,33,0,13,13,0,14,26667,104,0,14,574,0,0,0,0,0,False,False,False
2015-04-29,0,26,33,0,13,13,0,14,26691,104,0,14,574,0,0,0,0,0,False,False,False
2015-04-30,0,25,33,0,13,13,0,14,26715,104,0,14,574,0,0,0,0,0,False,False,False
2015-05-01,0,26,33,0,13,13,0,14,26739,104,0,14,574,0,0,0,0,0,False,False,False
2015-05-02,0,25,33,0,13,13,0,14,26762,104,0,14,574,0,0,0,0,0,False,False,False
2015-05-03,0,25,33,0,13,13,0,14,26787,104,0,14,574,0,0,0,0,0,False,False,False
2015-05-04,0,25,33,0,13,13,0,14,26811,104,0,14,574,0,0,0,0,0,False,False,False
2015-05-05,0,25,33,0,13,13,0,14,26834,104,0,14,574,0,0,0,0,0,False,False,False
2015-05-06,0,29,33,0,13,13,0,14,26859,104,0,14,574,0,0,0,0,0,False,False,False
2015-05-07,0,26,33,0,13,13,0,14,26883,104,0,14,574,0,0,0,0,0,False,False,False
2015-05-08,0,24,33,0,13,13,0,14,26907,104,0,14,574,0,0,0,0,0,False,False,False
2015-05-09,0,25,33,0,13,13,0,14,26931,104,0,14,574,0,0,0,0,0,False,False,False
2015-05-10,0,26,33,0,13,13,0,14,26955,104,0,14,574,0,0,0,0,0,False,False,False
2015-05-11,0,26,33,0,13,13,0,14,26979,104,0,14,574,0,0,0,0,0,False,False,False
2015-05-12,0,25,33,0,13,13,0,14,27003,104,0,14,574,0,0,0,0,0,False,False,False
2015-05-13,0,26,33,0,13,13,0,14,27027,104,0,14,574,0,0,0,0,0,False,False,False
2015-05-14,0,25,33,0,13,13,0,14,27051,104,0,14,574,0,0,0,0,0,False,False,False
2015-05-15,0,25,33,0,13,13,0,14,27075,104,0,14,574,0,0,0,0,0,False,False,False
2015-05-16,0,25,33,0,13,13,0,14,27099,104,0,14,574,0,0,0,0,0,False,False,False
2015-05-17,0,26,33,0,13,13,0,14,27123,104,0,14,574,0,0,0,0,0,False,False,False
2015-05-18,0,25,33,0,13,13,0,14,27147,104,0,14,574,0,0,0,0,0,False,False,False
2015-05-19,0,25,33,0,13,13,0,14,27171,104,0,14,574,0,0,0,0,0,False,False,False
2015-05-20,0,25,33,0,13,13,0,14,27195,104,0,14,574,0,0,0,0,0,False,False,False
2015-05-21,0,26,33,0,13,13,0,14,27219,104,0,14,574,0,0,0,0,0,False,False,False
2015-05-22,0,26,33,0,13,13,0,14,27243,104,0,14,574,0,0,0,0,0,False,False,False
2015-05-23,0,25,33,0,13,13,0,14,27267,104,0,14,574,0,0,0,0,0,False,False,False
2015-05-24,0,26,33,0,13,13,0,14,27291,104,0,14,574,0,0,0,0,0,False,False,False
2015-05-25,0,25,33,0,13,13,0,14,27315,104,0,14,574,0,0,0,0,0,False,False,False
2015-05-26,0,23,33,0,13,13,0,14,27339,104,0,14,574,0,0,0,0,0,False,False,False
2015-05-27,0,23,33,0,13,13,0,14,27363,104,0,14,574,0,0,0,0,0,False,False,False
2015-05-28,0,23,33,0,13,13,0,14,27387,104,0,14,574,0,0,0,0,0,False,False,False
2015-05-29,0,25,33,0,13,13,0,14,27411,104,0,14,574,0,0,0,0,0,False,False,False
2015-05-30,0,24,33,0,13,13,0,14,27435,104,0,14,574,0,0,0,0,0,False,False,False
2015-05-31,0,23,33,0,13,13,0,14,27459,104,0,14,574,0,0,0,0,0,False,False,False
2015-06-01,0,25,33,0,13,13,0,14,27483,104,0,14,574,0,0,0,0,0,False,False,False
2015-06-02,0,23,33,0,13,13,0,14,27507,104,0,14,574,0,0,0,0,0,False,False,False
2015-06-03,0,24,33,0,13,13,0,14,27531,104,0,14,574,0,0,0,0,0,False,False,False
2015-06-04,0,23,33,0,13,13,0,14,27554,104,0,14,574,0,0,0,0,0,False,False,False
2015-06-05,0,24,33,0,13,13,0,14,27579,104,0,14,574,0,0,0,0,0,False,False,False
2015-06-06,0,23,33,0,13,13,0,14,27603,104,0,14,574,0,0,0,0,0,False,False,False
2015-06-07,0,25,33,0,13,13,0,14,27627,104,0,14,574,0,0,0,0,0,False,False,False
2015-06-08,0,24,33,0,13,13,0,14,27651,104,0,14,574,0,0,0,0,0,False,False,False
2015-06-09,0,23,33,0,13,13,0,14,27675,104,0,14,574,0,0,0,0,0,False,False,False
2015-06-10,0,24,33,0,13,13,0,14,27699,104,0,14,574,0,0,0,0,0,False,False,False
2015-06-11,0,23,33,0,13,13,0,14,27723,104,0,14,574,0,0,0,0,0,False,False,False
2015-06-12,0,24,33,0,13,13,0,14,27747,104,0,14,574,0,0,0,0,0,False,False,False
2015-06-13,0,23,33,0,13,13,0,14,27771,104,0,14,574,0,0,0,0,0,False,False,False
2015-06-14,0,24,33,0,13,13,0,14,27795,104,0,14,574,0,0,0,0,0,False,False,False
2015-06-15,0,23,33,0,13,13,0,14,27819,104,0,14,574,0,0,0,0,0,False,False,False
2015-06-16,0,23,33,0,13,13,0,14,27843,104,0,14,574,0,0,0,0,0,False,False,False
2015-06-17,0,23,33,0,13,13,0,14,27866,104,0,14,574,0,0,0,0,0,False,False,False
2015-06-18,0,23,33,0,13,13,0,14,27891,104,0,14,574,0,0,0,0,0,False,False,False
2015-06-19,0,24,33,0,13,13,0,14,27915,104,0,14,574,0,0,0,0,0,False,False,False
2015-06-20,0,25,33,0,13,13,0,14,27939,104,0,14,574,0,0,0,0,0,False,False,False
2015-06-21,0,23,33,0,13,13,0,14,27963,104,0,14,574,0,0,0,0,0,False,False,False
2015-06-22,0,24,33,0,13,13,0,14,27987,104,0,14,574,0,0,0,0,0,False,False,False
2015-06-23,0,24,33,0,13,13,0,14,28011,104,0,14,574,0,0,0,0,0,False,False,False
2015-06-24,0,25,33,0,13,13,0,14,28035,104,0,14,574,0,0,0,0,0,False,False,False
2015-06-25,0,27,33,0,13,13,0,14,28059,104,0,14,574,0,0,0,0,0,False,False,False
2015-06-26,0,27,33,0,13,13,0,14,28083,104,0,14,574,0,0,0,0,0,False,False,False
2015-06-27,0,27,33,0,13,13,0,14,28106,104,0,14,574,0,0,0,0,0,False,False,False
2015-06-28,0,27,33,0,13,13,0,14,28131,104,0,14,574,0,0,0,0,0,False,False,False
2015-06-29,0,25,33,0,13,13,0,14,28155,104,0,14,574,0,0,0,0,0,False,False,False
2015-06-30,0,27,33,0,13,13,0,14,28179,104,0,14,574,0,0,0,0,0,False,False,False
2015-07-01,0,27,33,0,13,13,0,14,28203,104,0,14,574,0,0,0,0,0,False,False,False
2015-07-02,0,27,33,0,13,13,0,14,28227,104,0,14,574,0,0,0,0,0,False,False,False
2015-07-03,0,27,33,0,13,13,0,14,28251,104,0,14,574,0,0,0,0,0,False,False,False
2015-07-04,0,28,33,0,13,13,0,14,28275,104,0,14,574,0,0,0,0,0,False,False,False
2015-07-05,0,27,33,0,13,13,0,14,28299,104,0,14,574,0,0,0,0,0,False,False,False
2015-07-06,0,27,33,0,13,13,0,14,28323,104,0,14,574,0,0,0,0,0,False,False,False
2015-07-07,0,27,33,0,13,13,0,14,28347,104,0,14,574,0,0,0,0,0,False,False,False
2015-07-08,0,28,33,0,13,13,0,14,28371,104,0,14,574,0,0,0,0,0,False,False,False
2015-07-09,0,28,33,0,13,13,0,14,28395,104,0,14,574,0,0,0,0,0,False,False,False
2015-07-10,0,27,33,0,13,13,0,14,28418,104,0,14,574,0,0,0,0,0,False,False,False
2015-07-11,0,28,33,0,13,13,0,14,28443,104,0,14,574,0,0,0,0,0,False,False,False
2015-07-12,0,27,33,0,13,13,0,14,28467,104,0,14,574,0,0,0,0,0,False,False,False
2015-07-13,0,28,33,0,13,13,0,14,28491,104,0,14,574,0,0,0,0,0,False,False,False
2015-07-14,0,27,33,0,13,13,0,14,28515,104,0,14,574,0,0,0,0,0,False,False,False
2015-07-15,0,28,33,0,13,13,0,14,28539,104,0,14,574,0,0,0,0,0,False,False,False
2015-07-16,0,28,33,0,13,13,0,14,28563,104,0,14,574,0,0,0,0,0,False,False,False
2015-07-17,0,26,33,0,13,13,0,14,28587,104,0,14,574,0,0,0,0,0,False,False,False
2015-07-18,0,27,33,0,13,13,0,14,28611,104,0,14,574,0,0,0,0,0,False,False,False
2015-07-19,0,26,33,0,13,13,0,14,28635,104,0,14,574,0,0,0,0,0,False,False,False
2015-07-20,0,28,33,0,13,13,0,14,28658,104,0,14,574,0,0,0,0,0,False,False,False
2015-07-21,0,27,33,0,13,13,0,14,28683,104,0,14,574,0,0,0,0,0,False,False,False
2015-07-22,0,28,33,0,13,13,0,14,28707,104,0,14,574,0,0,0,0,0,False,False,False
2015-07-23,0,27,33,0,13,13,0,14,28731,104,0,14,574,0,0,0,0,0,False,False,False
2015-07-24,0,27,33,0,13,13,0,14,28755,104,0,14,574,0,0,0,0,0,False,False,False
2015-07-25,0,27,33,0,13,13,0,14,28779,104,0,14,574,0,0,0,0,0,False,False,False
2015-07-26,0,23,33,0,13,13,0,14,28803,104,0,14,574,0,0,0,0,0,False,False,False
2015-07-27,0,23,33,0,13,13,0,14,28827,104,0,14,574,0,0,0,0,0,False,False,False
2015-07-28,0,27,33,0,13,13,0,14,28851,104,0,14,574,0,0,0,0,0,False,False,False
2015-07-29,0,27,33,0,13,13,0,14,28875,104,0,14,574,0,0,0,0,0,False,False,False
2015-07-30,0,26,33,0,13,13,0,14,28899,104,0,14,574,0,0,0,0,0,False,False,False
2015-07-31,0,23,33,0,13,13,0,14,28923,104,0,14,574,0,0,0,0,0,False,False,False
2015-08-01,0,27,33,0,13,13,0,14,28947,104,0,14,574,0,0,0,0,0,False,False,False
2015-08-02,0,27,33,0,13,13,0,14,28971,104,0,14,574,0,0,0,0,0,False,False,False
2015-08-03,0,28,33,0,13,13,0,14,28995,104,0,14,574,0,0,0,0,0,False,False,False
2015-08-04,0,28,33,0,13,13,0,14,29019,104,0,14,574,0,0,0,0,0,False,False,False
2015-08-05,0,26,33,0,13,13,0,14,29042,104,0,14,574,0,0,0,0,0,False,False,False
2015-08-06,0,27,33,0,13,13,0,14,29067,104,0,14,574,0,0,0,0,0,False,False,False
2015-08-07,0,27,33,0,13,13,0,14,29091,104,0,14,574,0,0,0,0,0,False,False,False
2015-08-08,0,28,33,0,13,13,0,14,29114,104,0,14,574,0,0,0,0,0,False,False,False
2015-08-09,0,26,33,0,13,13,0,14,29139,104,0,14,574,0,0,0,0,0,False,False,False
2015-08-10,0,27,33,0,13,13,0,14,29163,104,0,14,574,0,0,0,0,0,False,False,False
2015-08-11,0,27,33,0,13,13,0,14,29187,104,0,14,574,0,0,0,0,0,False,False,False
2015-08-12,0,26,33,0,13,13,0,14,29211,104,0,14,574,0,0,0,0,0,False,False,False
2015-08-13,0,28,33,0,13,13,0,14,29235,104,0,14,574,0,0,0,0,0,False,False,False
2015-08-14,0,27,33,0,13,13,0,14,29259,104,0,14,574,0,0,0,0,0,False,False,False
2015-08-15,0,27,33,0,13,13,0,14,29283,104,0,14,574,0,0,0,0,0,False,False,False
2015-08-16,0,27,33,0,13,13,0,14,29307,104,0,14,574,0,0,0,0,0,False,False,False
2015-08-17,0,26,33,0,13,13,0,14,29331,104,0,14,574,0,0,0,0,0,False,False,False
2015-08-18,0,28,33,0,13,13,0,14,29355,104,0,14,574,0,0,0,0,0,False,False,False
2015-08-19,0,28,33,0,13,13,0,14,29379,104,0,14,574,0,0,0,0,0,False,False,False
2015-08-20,0,27,33,0,13,13,0,14,29403,104,0,14,574,0,0,0,0,0,False,False,False
2015-08-21,0,26,33,0,13,13,0,14,29427,104,0,14,574,0,0,0,0,0,False,False,False
2015-08-22,0,26,33,0,13,13,0,14,29451,104,0,14,574,0,0,0,0,0,False,False,False
2015-08-23,0,28,33,0,13,13,0,14,29475,104,0,14,574,0,0,0,0,0,False,False,False
2015-08-24,0,26,33,0,13,13,0,14,29499,104,0,14,574,0,0,0,0,0,False,False,False
2015-08-25,0,26,33,0,13,13,0,14,29523,104,0,14,574,0,0,0,0,0,False,False,False
2015-08-26,0,27,33,0,13,13,0,14,29547,104,0,14,574,0,0,0,0,0,False,False,False
2015-08-27,0,28,33,0,13,13,0,14,29571,104,0,14,574,0,0,0,0,0,False,False,False
2015-08-28,0,27,33,0,13,13,0,14,29595,104,0,14,574,0,0,0,0,0,False,False,False
2015-08-29,0,27,33,0,13,13,0,14,29619,104,0,14,574,0,0,0,0,0,False,False,False
2015-08-30,0,26,33,0,13,13,0,14,29643,104,0,14,574,0,0,0,0,0,False,False,False
2015-08-31,0,27,33,0,13,13,0,14,29667,104,0,14,574,0,0,0,0,0,False,False,False
2015-09-01,0,26,33,0,13,13,0,14,29691,104,0,14,574,0,0,0,0,0,False,False,False
2015-09-02,0,27,33,0,13,13,0,14,29715,104,0,14,574,0,0,0,0,0,False,False,False
2015-09-03,0,26,33,0,13,13,0,14,29739,104,0,14,574,0,0,0,0,0,False,False,False
2015-09-04,0,27,33,0,13,13,0,14,29763,104,0,14,574,0,0,0,0,0,False,False,False
2015-09-05,0,28,33,0,13,13,0,14,29787,104,0,14,574,0,0,0,0,0,False,False,False
2015-09-06,0,27,33,0,13,13,0,14,29811,104,0,14,574,0,0,0,0,0,False,False,False
2015-09-07,0,27,33,0,13,13,0,14,29835,104,0,14,574,0,0,0,0,0,False,False,False
2015-09-08,0,26,33,0,13,13,0,14,29859,104,0,14,574,0,0,0,0,0,False,False,False
2015-09-09,0,27,33,0,13,13,0,14,29883,104,0,14,574,0,0,0,0,0,False,False,False
2015-09-10,0,27,33,0,13,13,0,14,29907,104,0,14,574,0,0,0,0,0,False,False,False
2015-09-11,0,27,33,0,13,13,0,14,29931,104,0,14,574,0,0,0,0,0,False,False,False
2015-09-12,0,28,33,0,13,13,0,14,29955,104,0,14,574,0,0,0,0,0,False,False,False
2015-09-13,0,27,33,0,13,13,0,14,29979,104,0,14,574,0,0,0,0,0,False,False,False
2015-09-14,0,27,33,0,13,13,0,14,30003,104,0,14,574,0,0,0,0,0,False,False,False
2015-09-15,0,27,33,0,13,13,0,14,30027,104,0,14,574,0,0,0,0,0,False,False,False
2015-09-16,0,27,33,0,13,13,0,14,30051,104,0,14,574,0,0,0,0,0,False,False,False
2015-09-17,0,27,33,0,13,13,0,14,30075,104,0,14,574,0,0,0,0,0,False,False,False
2015-09-18,0,28,33,0,13,13,0,14,30099,104,0,14,574,0,0,0,0,0,False,False,False
2015-09-19,0,27,33,0,13,13,0,14,30123,104,0,14,574,0,0,0,0,0,False,False,False
2015-09-20,0,27,33,0,13,13,0,14,30147,104,0,14,574,0,0,0,0,0,False,False,False
2015-09-21,0,26,33,0,13,13,0,14,30171,104,0,14,574,0,0,0,0,0,False,False,False
2015-09-22,0,27,33,0,13,13,0,14,30195,104,0,14,574,0,0,0,0,0,False,False,False
2015-09-23,0,27,33,0,13,13,0,14,30219,104,0,14,574,0,0,0,0,0,False,False,False
2015-09-24,0,27,33,0,13,13,0,14,30243,104,0,14,574,0,0,0,0,0,False,False,False
2015-09-25,0,27,33,0,13,13,0,14,30267,104,0,14,574,0,0,0,0,0,False,False,False
2015-09-26,0,27,33,0,13,13,0,14,30291,104,0,14,574,0,0,0,0,0,False,False,False
2015-09-27,0,27,33,0,13,13,0,14,30315,104,0,14,574,0,0,0,0,0,False,False,False
2015-09-28,0,25,33,0,13,13,0,14,30339,104,0,14,574,0,0,0,0,0,False,False,False
2015-09-29,0,25,33,0,13,13,0,14,30363,104,0,14,574,0,0,0,0,0,False,False,False
2015-09-30,0,27,33,0,13,13,0,14,30387,104,0,14,574,0,0,0,0,0,False,False,False
2015-10-01,0,27,33,0,13,13,0,14,30411,104,0,14,574,0,0,0,0,0,False,False,False
2015-10-02,0,27,33,0,13,13,0,14,30435,104,0,14,574,0,0,0,0,0,False,False,False
2015-10-03,0,26,33,0,13,13,0,14,30459,104,0,14,574,0,0,0,0,0,False,False,False
2015-10-04,0,27,33,0,13,13,0,14,30483,104,0,14,574,0,0,0,0,0,False,False,False
2015-10-05,0,27,33,0,13,13,0,14,30507,104,0,14,574,0,0,0,0,0,False,False,False
2015-10-06,0,27,33,0,13,13,0,14,30531,104,0,14,574,0,0,0,0,0,False,False,False
2015-10-07,0,28,33,0,13,13,0,14,30555,104,0,14,574,0,0,0,0,0,False,False,False
2015-10-08,0,27,33,0,13,13,0,14,30579,104,0,14,574,0,0,0,0,0,False,False,False
2015-10-09,0,26,33,0,13,13,0,14,30603,104,0,14,574,0,0,0,0,0,False,False,False
2015-10-10,0,27,33,0,13,13,0,14,30627,104,0,14,574,0,0,0,0,0,False,False,False
2015-10-11,0,27,33,0,13,13,0,14,30651,104,0,14,574,0,0,0,0,0,False,False,False
2015-10-12,0,27,33,0,13,13,0,14,30675,104,0,14,574,0,0,0,0,0,False,False,False
2015-10-13,0,27,33,0,13,13,0,14,30699,104,0,14,574,0,0,0,0,0,False,False,False
2015-10-14,0,28,33,0,13,13,0,14,30723,104,0,14,574,0,0,0,0,0,False,False,False
2015-10-15,0,26,33,0,13,13,0,14,30747,104,0,14,574,0,0,0,0,0,False,False,False
2015-10-16,0,28,33,0,13,13,0,14,30771,104,0,14,574,0,0,0,0,0,False,False,False
2015-10-17,0,27,33,0,13,13,0,14,30795,104,0,14,574,0,0,0,0,0,False,False,False
2015-10-18,0,26,33,0,13,13,0,14,30819,104,0,14,574,0,0,0,0,0,False,False,False
2015-10-19,0,26,33,0,13,13,0,14,30843,104,0,14,574,0,0,0,0,0,False,False,False
2015-10-20,0,27,33,0,13,13,0,14,30867,104,0,14,574,0,0,0,0,0,False,False,False
2015-10-21,0,25,33,0,13,13,0,14,30891,104,0,14,574,0,0,0,0,0,False,False,False
2015-10-22,0,27,33,0,13,13,0,14,30915,104,0,14,574,0,0,0,0,0,False,False,False
2015-10-23,0,28,33,0,13,13,0,14,30939,104,0,14,574,0,0,0,0,0,False,False,False
2015-10-24,0,27,33,0,13,13,0,14,30963,104,0,14,574,0,0,0,0,0,False,False,False
2015-10-25,0,26,33,0,13,13,0,14,30987,104,0,14,574,0,0,0,0,0,False,False,False
2015-10-26,0,27,33,0,13,13,0,14,31011,104,0,14,574,0,0,0,0,0,False,False,False
2015-10-27,0,27,33,0,13,13,0,14,31035,104,0,14,574,0,0,0,0,0,False,False,False
2015-10-29,0,26,33,0,13,13,0,14,31083,104,0,14,574,0,0,0,0,0,False,False,False
2015-10-30,0,27,33,0,13,13,0,14,31107,104,0,14,574,0,0,0,0,0,False,False,False
2015-10-31,0,27,33,0,13,13,0,14,31131,104,0,14,574,0,0,0,0,0,False,False,False
2015-11-02,0,27,33,0,13,13,0,14,31180,104,0,14,574,0,0,0,0,0,False,False,False
2015-11-03,0,27,33,0,13,13,0,14,31204,104,0,14,574,0,0,0,0,0,False,False,False
2015-11-04,0,26,33,0,13,13,0,14,31228,104,0,14,574,0,0,0,0,0,False,False,False
2015-11-05,0,26,33,0,13,13,0,14,31252,104,0,14,574,0,0,0,0,0,False,False,False
2015-11-06,0,27,33,0,13,13,0,14,31276,104,0,14,574,0,0,0,0,0,False,False,False
2015-11-07,0,26,33,0,13,13,0,14,31300,104,0,14,574,0,0,0,0,0,False,False,False
2015-11-08,0,26,33,0,13,13,0,14,31324,104,0,14,574,0,0,0,0,0,False,False,False
2015-11-09,0,27,33,0,13,13,0,14,31348,104,0,14,574,0,0,0,0,0,False,False,False
2015-11-10,0,27,33,0,13,13,0,14,31372,104,0,14,574,0,0,0,0,0,False,False,False
2015-11-11,0,27,33,0,13,13,0,14,31396,104,0,14,574,0,0,0,0,0,False,False,False
2015-11-12,0,27,33,0,13,13,0,14,31420,104,0,14,574,0,0,0,0,0,False,False,False
2015-11-13,0,26,33,0,13,13,0,14,31444,104,0,14,574,0,0,0,0,0,False,False,False
2015-11-14,0,26,33,0,13,13,0,14,31468,104,0,14,574,0,0,0,0,0,False,False,False
2015-11-15,0,26,33,0,13,13,0,14,31492,104,0,14,574,0,0,0,0,0,False,False,False
2015-11-16,0,26,33,0,13,13,0,14,31516,104,0,14,574,0,0,0,0,0,False,False,False
2015-11-17,0,26,33,0,13,13,0,14,31540,104,0,14,574,0,0,0,0,0,False,False,False
2015-11-18,0,26,33,0,13,13,0,14,31564,104,0,14,574,0,0,0,0,0,False,False,False
2015-11-19,0,26,33,0,13,13,0,14,31588,104,0,14,574,0,0,0,0,0,False,False,False
2015-11-20,0,27,33,0,13,13,0,14,31612,104,0,14,574,0,0,0,0,0,False,False,False
2015-11-21,0,27,33,0,13,13,0,14,31636,104,0,14,574,0,0,0,0,0,False,False,False
2015-11-22,0,27,33,0,13,13,0,14,31660,104,0,14,574,0,0,0,0,0,False,False,False
2015-11-23,0,27,33,0,13,13,0,14,31684,104,0,14,574,0,0,0,0,0,False,False,False
2015-11-24,0,27,33,0,13,13,0,14,31708,104,0,14,574,0,0,0,0,0,False,False,False
2015-11-25,0,26,33,0,13,13,0,14,31732,104,0,14,574,0,0,0,0,0,False,False,False
2015-11-26,0,26,33,0,13,13,0,14,31756,104,0,14,574,0,0,0,0,0,False,False,False
2015-11-27,0,26,33,0,13,13,0,14,31780,104,0,14,574,0,0,0,0,0,False,False,False
2015-11-28,0,27,33,0,13,13,0,14,31804,104,0,14,574,0,0,0,0,0,False,False,False
2015-11-29,0,26,33,0,13,13,0,14,31828,104,0,14,574,0,0,0,0,0,False,False,False
2015-11-30,0,27,33,0,13,13,0,14,31852,104,0,14,574,0,0,0,0,0,False,False,False
2015-12-01,0,27,33,0,13,13,0,14,31876,104,0,14,574,0,0,0,0,0,False,False,False
2015-12-02,0,27,33,0,13,13,0,14,31900,104,0,14,574,0,0,0,0,0,False,False,False
2015-12-03,0,26,33,0,13,13,0,14,31924,104,0,14,574,0,0,0,0,0,False,False,False
2015-12-04,0,28,33,0,13,13,0,14,31948,104,0,14,574,0,0,0,0,0,False,False,False
2015-12-05,0,27,33,0,13,13,0,14,31972,104,0,14,574,0,0,0,0,0,False,False,False
2015-12-06,0,28,33,0,13,13,0,14,31996,104,0,14,574,0,0,0,0,0,False,False,False
2015-12-07,0,27,33,0,13,13,0,14,32020,104,0,14,574,0,0,0,0,0,False,False,False
2015-12-08,0,26,33,0,13,13,0,14,32044,104,0,14,574,0,0,0,0,0,False,False,False
2015-12-09,0,26,33,0,13,13,0,14,32068,104,0,14,574,0,0,0,0,0,False,False,False
2015-12-10,0,27,33,0,13,13,0,14,32092,104,0,14,574,0,0,0,0,0,False,False,False
2015-12-11,0,27,33,0,13,13,0,14,32116,104,0,14,574,0,0,0,0,0,False,False,False
2015-12-12,0,27,33,0,13,13,0,14,32140,104,0,14,574,0,0,0,0,0,False,False,False
2015-12-13,0,27,33,0,13,13,0,14,32164,104,0,14,574,0,0,0,0,0,False,False,False
2015-12-14,0,26,33,0,13,13,0,14,32188,104,0,14,574,0,0,0,0,0,False,False,False
2015-12-15,0,26,33,0,13,13,0,14,32212,104,0,14,574,0,0,0,0,0,False,False,False
2015-12-16,0,26,33,0,13,13,0,14,32236,104,0,14,574,0,0,0,0,0,False,False,False
2015-12-17,0,26,33,0,13,13,0,14,32260,104,0,14,574,0,0,0,0,0,False,False,False
2015-12-18,0,26,33,0,13,13,0,14,32284,104,0,14,574,0,0,0,0,0,False,False,False
2015-12-19,0,27,33,0,13,13,0,14,32308,104,0,14,574,0,0,0,0,0,False,False,False
2015-12-20,0,27,33,0,13,13,0,14,32332,104,0,14,574,0,0,0,0,0,False,False,False
2015-12-21,0,27,33,0,13,13,0,14,32356,104,0,14,574,0,0,0,0,0,False,False,False
2015-12-22,0,27,33,0,13,13,0,14,32380,104,0,14,574,0,0,0,0,0,False,False,False
2015-12-23,0,27,33,0,13,13,0,14,32404,104,0,14,574,0,0,0,0,0,False,False,False
2015-12-24,0,26,33,0,13,13,0,14,32428,104,0,14,574,0,0,0,0,0,False,False,False
2015-12-25,0,26,33,0,13,13,0,14,32452,104,0,14,574,0,0,0,0,0,False,False,False
2015-12-26,0,26,33,0,13,13,0,14,32476,104,0,14,574,0,0,0,0,0,False,False,False
2015-12-27,0,26,33,0,13,13,0,14,32500,104,0,14,574,0,0,0,0,0,False,False,False
2015-12-28,0,26,33,0,13,13,0,14,32524,104,0,14,574,0,0,0,0,0,False,False,False
2015-12-29,0,25,33,0,13,13,0,14,32548,104,0,14,574,0,0,0,0,0,False,False,False
2015-12-30,0,26,33,0,13,13,0,14,32572,104,0,14,574,0,0,0,0,0,False,False,False
2015-12-31,0,26,33,0,13,13,0,14,32596,104,0,14,574,0,0,0,0,0,False,False,False
2016-01-01,0,26,33,0,13,13,0,14,32620,104,0,14,574,0,0,0,0,0,False,False,False
2016-01-02,0,26,33,0,13,13,0,14,32644,104,0,14,574,0,0,0,0,0,False,False,False
2016-01-03,0,26,33,0,13,13,0,14,32668,104,0,14,574,0,0,0,0,0,False,False,False
2016-01-04,0,27,33,0,13,13,0,14,32692,104,0,14,574,0,0,0,0,0,False,False,False
2016-01-05,0,27,33,0,13,13,0,14,32716,104,0,14,574,0,0,0,0,0,False,False,False
2016-01-06,0,27,33,0,13,13,0,14,32740,104,0,14,574,0,0,0,0,0,False,False,False
2016-01-07,0,27,33,0,13,13,0,14,32764,104,0,14,574,0,0,0,0,0,False,False,False
2016-01-08,0,27,33,0,13,13,0,14,32788,104,0,14,574,0,0,0,0,0,False,False,False
2016-01-09,0,27,33,0,13,13,0,14,32812,104,0,14,574,0,0,0,0,0,False,False,False
2016-01-10,0,27,33,0,13,13,0,14,32836,104,0,14,574,0,0,0,0,0,False,False,False
2016-01-11,0,27,33,0,13,13,0,14,32860,104,0,14,574,0,0,0,0,0,False,False,False
2016-01-12,0,27,33,0,13,13,0,14,32884,104,0,14,574,0,0,0,0,0,False,False,False
2016-01-13,0,27,33,0,13,13,0,14,32908,104,0,14,574,0,0,0,0,0,False,False,False
2016-01-14,0,27,33,0,13,13,0,14,32932,104,0,14,574,0,0,0,0,0,False,False,False
2016-01-15,0,27,33,0,13,13,0,14,32956,104,0,14,574,0,0,0,0,0,False,False,False
2016-01-16,0,27,33,0,13,13,0,14,32980,104,0,14,574,0,0,0,0,0,False,False,False
2016-01-17,0,27,33,0,13,13,0,14,33004,104,0,14,574,0,0,0,0,0,False,False,False
2016-01-18,0,27,33,0,13,13,0,14,33028,104,0,14,574,0,0,0,0,0,False,False,False
2016-01-19,0,26,33,0,13,13,0,14,33052,104,0,14,574,0,0,0,0,0,False,False,False
2016-01-20,0,26,33,0,13,13,0,14,33076,104,0,14,574,0,0,0,0,0,False,False,False
2016-01-21,0,26,33,0,13,13,0,14,33100,104,0,14,574,0,0,0,0,0,False,False,False
2016-01-22,0,26,33,0,13,13,0,14,33124,104,0,14,574,0,0,0,0,0,False,False,False
2016-01-23,0,26,33,0,13,13,0,14,33148,104,0,14,574,0,0,0,0,0,False,False,False
2016-01-24,0,27,33,0,13,13,0,14,33172,104,0,14,574,0,0,0,0,0,False,False,False
2016-01-25,0,27,33,0,13,13,0,14,33196,104,0,14,574,0,0,0,0,0,False,False,False
2016-01-26,0,27,33,0,13,13,0,14,33220,104,0,14,574,0,0,0,0,0,False,False,False
2016-01-27,0,27,33,0,13,13,0,14,33244,104,0,14,574,0,0,0,0,0,False,False,False
2016-01-28,0,27,33,0,13,13,0,14,33268,104,0,14,574,0,0,0,0,0,False,False,False
2016-01-29,0,26,33,0,13,13,0,14,33292,104,0,14,574,0,0,0,0,0,False,False,False
2016-01-30,0,26,33,0,13,13,0,14,33316,104,0,14,574,0,0,0,0,0,False,False,False
2016-01-31,0,26,33,0,13,13,0,14,33340,104,0,14,574,0,0,0,0,0,False,False,False
2016-02-01,0,27,33,0,13,13,0,14,33364,104,0,14,574,0,0,0,0,0,False,False,False
2016-02-02,0,27,33,0,13,13,0,14,33388,104,0,14,574,0,0,0,0,0,False,False,False
2016-02-03,0,27,33,0,13,13,0,14,33412,104,0,14,574,0,0,0,0,0,False,False,False
2016-02-04,0,27,33,0,13,13,0,14,33436,104,0,14,574,0,0,0,0,0,False,False,False
2016-02-05,0,28,33,0,13,13,0,14,33460,104,0,14,574,0,0,0,0,0,False,False,False
2016-02-06,0,27,33,0,13,13,0,14,33484,104,0,14,574,0,0,0,0,0,False,False,False
2016-02-07,0,27,33,0,13,13,0,14,33508,104,0,14,574,0,0,0,0,0,False,False,False
2016-02-08,0,27,33,0,13,13,0,14,33532,104,0,14,574,0,0,0,0,0,False,False,False
2016-02-09,0,26,33,0,13,13,0,14,33556,104,0,14,574,0,0,0,0,0,False,False,False
2016-02-10,0,26,33,0,13,13,0,14,33580,104,0,14,574,0,0,0,0,0,False,False,False
2016-02-11,0,26,33,0,13,13,0,14,33604,104,0,14,574,0,0,0,0,0,False,False,False
2016-02-12,0,26,33,0,13,13,0,14,33628,104,0,14,574,0,0,0,0,0,False,False,False
2016-02-13,0,26,33,0,13,13,0,14,33652,104,0,14,574,0,0,0,0,0,False,False,False
2016-02-14,0,25,33,0,13,13,0,14,33676,104,0,14,574,0,0,0,0,0,False,False,False
2016-02-15,0,26,33,0,13,13,0,14,33700,104,0,14,574,0,0,0,0,0,False,False,False
2016-02-16,0,27,33,0,13,13,0,14,33724,104,0,14,574,0,0,0,0,0,False,False,False
2016-02-17,0,26,33,0,13,13,0,14,33748,104,0,14,574,0,0,0,0,0,False,False,False
2016-02-18,0,27,33,0,13,13,0,14,33772,104,0,14,574,0,0,0,0,0,False,False,False
2016-02-19,0,27,33,0,13,13,0,14,33796,104,0,14,574,0,0,0,0,0,False,False,False
2016-02-20,0,28,33,0,13,13,0,14,33820,104,0,14,574,0,0,0,0,0,False,False,False
2016-02-21,0,27,33,0,13,13,0,14,33844,104,0,14,574,0,0,0,0,0,False,False,False
2016-02-22,0,26,33,1,13,13,0,14,33868,104,0,14,574,0,0,0,0,0,False,False,False
2016-02-23,0,28,33,0,13,13,0,14,33892,104,0,14,574,0,0,0,0,0,False,False,False
2016-02-24,0,26,33,0,13,13,0,14,33916,104,0,14,574,0,0,0,0,0,False,False,False
2016-02-25,0,26,33,0,13,13,0,14,33940,104,0,14,574,0,0,0,0,0,False,False,False
2016-02-27,0,27,33,0,13,13,0,14,33988,104,0,14,574,0,0,0,0,0,False,False,False
2016-02-28,0,26,33,0,13,13,0,14,34012,104,0,14,574,0,0,0,0,0,False,False,False
2016-02-29,0,25,33,0,13,13,0,14,34036,104,0,14,574,0,0,0,0,0,False,False,False
2016-03-01,0,27,33,0,13,13,0,14,34060,104,0,14,574,0,0,0,0,0,False,False,False
2016-03-02,0,27,33,0,13,13,0,14,34084,104,0,14,574,0,0,0,0,0,False,False,False
2016-03-03,0,27,33,0,13,13,0,14,34108,104,0,14,574,0,0,0,0,0,False,False,False
2016-03-04,0,25,33,65536,13,13,0,14,34132,104,0,14,574,0,0,0,0,0,False,False,False
2016-03-05,0,26,33,0,13,13,0,14,34156,104,0,14,574,0,0,0,0,0,False,False,False
2016-03-06,0,26,33,0,13,13,0,14,34180,104,0,14,574,0,0,0,0,0,False,False,False
2016-03-07,0,25,33,0,13,13,0,14,34204,104,0,14,574,0,0,0,0,0,False,False,False
2016-03-08,0,25,33,0,13,13,0,14,34228,104,0,14,574,0,0,0,0,0,False,False,False
2016-03-09,0,24,33,0,13,13,0,14,34252,104,0,14,574,0,0,0,0,0,False,False,False
2016-03-10,0,25,33,0,13,13,0,14,34276,104,0,14,574,0,0,0,0,0,False,False,False
2016-03-11,0,26,33,0,13,13,0,14,34300,104,0,14,574,0,0,0,0,0,False,False,False
2016-03-12,0,25,33,0,13,13,0,14,34324,104,0,14,574,0,0,0,0,0,False,False,False
2016-03-13,0,25,33,0,13,13,0,14,34348,104,0,14,574,0,0,0,0,0,False,False,False
2016-03-14,0,25,33,0,13,13,0,14,34372,104,0,14,574,0,0,0,0,0,False,False,False
2016-03-15,0,26,33,0,13,13,0,14,34395,104,0,14,574,0,0,0,0,0,False,False,False
2016-03-16,0,27,33,0,13,13,0,14,34419,104,0,14,574,0,0,0,0,0,False,False,False
2016-03-17,0,26,33,0,13,13,0,14,34443,104,0,14,574,0,0,0,0,0,False,False,False
2016-03-18,0,26,33,0,13,13,0,14,34467,104,0,14,574,0,0,0,0,0,False,False,False
2016-03-19,0,26,33,0,13,13,0,14,34491,104,0,14,574,0,0,0,0,0,False,False,False
2016-03-20,0,26,33,0,13,13,0,14,34515,104,0,14,574,0,0,0,0,0,False,False,False
2016-03-21,0,25,33,0,13,13,0,14,34539,104,0,14,574,0,0,0,0,0,False,False,False
2016-03-22,0,26,33,0,13,13,0,14,34563,104,0,14,574,0,0,0,0,0,False,False,False
2016-03-23,0,26,33,0,13,13,0,14,34587,104,0,14,574,0,0,0,0,0,False,False,False
2016-03-24,0,26,33,0,13,13,0,14,34611,104,0,14,574,0,0,0,0,0,False,False,False
2016-03-25,0,26,33,0,13,13,0,14,34635,104,0,14,574,0,0,0,0,0,False,False,False
2016-03-26,0,26,33,0,13,13,0,14,34659,104,0,14,574,0,0,0,0,0,False,False,False
2016-03-27,0,26,33,0,13,13,0,14,34683,104,0,14,574,0,0,0,0,0,False,False,False
2016-03-28,0,26,33,0,13,13,0,14,34707,104,0,14,574,0,0,0,0,0,False,False,False
2016-03-29,0,26,33,0,13,13,0,14,34731,104,0,14,574,0,0,0,0,0,False,False,False
2016-03-30,0,27,33,0,13,13,0,14,34755,104,0,14,574,0,0,0,0,0,False,False,False
2016-03-31,0,26,33,0,13,13,0,14,34779,104,0,14,574,0,0,0,0,0,False,False,False
2016-04-01,0,26,33,0,13,13,0,14,34803,104,0,14,574,0,0,0,0,0,False,False,False
2016-04-02,0,26,33,0,13,13,0,14,34827,104,0,14,574,0,0,0,0,0,False,False,False
2016-04-03,0,27,33,0,13,13,0,14,34851,104,0,14,574,0,0,0,0,0,False,False,False
2016-04-04,0,26,33,0,13,13,0,14,34875,104,0,14,574,0,0,0,0,0,False,False,False
2016-04-05,0,27,33,0,13,13,0,14,34899,104,0,14,574,0,0,0,0,0,False,False,False
2016-04-06,0,26,33,0,13,13,0,14,34923,104,0,14,574,0,0,0,0,0,False,False,False
2016-04-07,0,26,33,0,13,13,0,14,34947,104,0,14,574,0,0,0,0,0,False,False,False
2016-04-08,0,26,33,0,13,13,0,14,34971,104,0,14,574,0,0,0,0,0,False,False,False
2016-04-09,0,26,33,0,13,13,0,14,34995,104,0,14,574,0,0,0,0,0,False,False,False
2016-04-10,0,26,33,0,13,13,0,14,35019,104,0,14,574,0,0,0,0,0,False,False,False
2016-04-11,0,26,33,0,13,13,0,14,35043,104,0,14,574,0,0,0,0,0,False,False,False
2016-04-12,0,27,33,0,13,13,0,14,35067,104,0,14,574,0,0,0,0,0,False,False,False
2016-04-13,0,27,33,0,13,13,0,14,35091,104,0,14,574,0,0,0,0,0,False,False,False
2016-04-14,0,26,33,0,13,13,0,14,35115,104,0,14,574,0,0,0,0,0,False,False,False
2016-04-15,0,27,33,0,13,13,0,14,35139,104,0,14,574,0,0,0,0,0,False,False,False
2016-04-16,0,27,33,0,13,13,0,14,35163,104,0,14,574,0,0,0,0,0,False,False,False
2016-04-17,0,26,33,0,13,13,0,14,35187,104,0,14,574,0,0,0,0,0,False,False,False
2016-04-18,0,26,33,0,13,13,0,14,35211,104,0,14,574,0,0,0,0,0,False,False,False
2016-04-19,0,26,33,0,13,13,0,14,35235,104,0,14,574,0,0,0,0,0,False,False,False
2016-04-20,0,26,33,0,13,13,0,14,35259,104,0,14,574,0,0,0,0,0,False,False,False
2016-04-21,0,26,33,0,13,13,0,14,35283,104,0,14,574,0,0,0,0,0,False,False,False
2016-04-22,0,26,33,0,13,13,0,14,35307,104,0,14,574,0,0,0,0,0,False,False,False
2016-04-23,0,26,33,0,13,13,0,14,35331,104,0,14,574,0,0,0,0,0,False,False,False
2016-04-24,0,26,33,0,13,13,0,14,35355,104,0,14,574,0,0,0,0,0,False,False,False
2016-04-25,0,26,33,0,13,13,0,14,35379,104,0,14,574,0,0,0,0,0,False,False,False
2016-04-26,0,26,33,0,13,13,0,14,35403,104,0,14,574,0,0,0,0,0,False,False,False
2016-04-27,0,27,33,0,13,13,0,14,35427,104,0,14,574,0,0,0,0,0,False,False,False
2016-04-28,0,26,33,0,13,13,0,14,35451,104,0,14,574,0,0,0,0,0,False,False,False
2016-04-29,0,26,33,0,13,13,0,14,35475,104,0,14,574,0,0,0,0,0,False,False,False
2016-04-30,0,26,33,0,13,13,0,14,35499,104,0,14,574,0,0,0,0,0,False,False,False
2016-05-01,0,27,33,0,13,13,0,14,35523,104,0,14,574,0,0,0,0,0,False,False,False
2016-05-02,0,26,33,0,13,13,0,14,35547,104,0,14,574,0,0,0,0,0,False,False,False
2016-05-03,0,27,33,0,13,13,0,14,35571,104,0,14,574,0,0,0,0,0,False,False,False
2016-05-04,0,27,33,0,13,13,0,14,35595,104,0,14,574,0,0,0,0,0,False,False,False
2016-05-05,0,27,33,0,13,13,0,14,35619,104,0,14,574,0,0,0,0,0,False,False,False
2016-05-06,0,27,33,0,13,13,0,14,35643,104,0,14,574,0,0,0,0,0,False,False,False
2016-05-07,0,27,33,0,13,13,0,14,35667,104,0,14,574,0,0,0,0,0,False,False,False
2016-05-08,0,27,33,0,13,13,0,14,35691,104,0,14,574,0,0,0,0,0,False,False,False
2016-05-09,0,28,33,0,13,13,0,14,35715,104,0,14,574,0,0,0,0,0,False,False,False
2016-05-10,0,28,33,0,13,13,0,14,35739,104,0,14,574,0,0,0,0,0,False,False,False
2016-05-11,0,28,33,0,13,13,0,14,35763,104,0,14,574,0,0,0,0,0,False,False,False
2016-05-12,0,28,32,0,14,14,0,15,35786,104,0,15,574,0,0,0,0,0,False,False,False
2016-05-13,0,28,32,0,14,14,0,15,35811,104,0,15,574,0,0,0,0,0,False,False,False
2016-05-14,0,27,32,0,14,14,0,15,35835,104,0,15,574,0,0,0,0,0,False,False,False
2016-05-15,0,28,32,0,14,14,0,15,35859,104,0,15,574,0,0,0,0,0,False,False,False
2016-05-16,0,28,32,0,14,14,0,15,35883,104,0,15,574,0,0,0,0,0,False,False,False
2016-05-17,0,28,32,0,14,14,0,15,35907,104,0,15,574,0,0,0,0,0,False,False,False
2016-05-18,0,29,32,0,14,14,0,15,35931,104,0,15,574,0,0,0,0,0,False,False,False
2016-05-19,0,28,32,0,14,14,0,15,35955,104,0,15,574,0,0,0,0,0,False,False,False
2016-05-20,0,28,32,0,14,14,0,15,35979,104,0,15,574,0,0,0,0,0,False,False,False
2016-05-21,0,27,32,0,14,14,0,15,36003,104,0,15,574,0,0,0,0,0,False,False,False
2016-05-22,0,28,32,0,14,14,0,15,36026,104,0,15,574,0,0,0,0,0,False,False,False
2016-05-23,0,28,32,0,14,14,0,15,36051,104,0,15,574,0,0,0,0,0,False,False,False
2016-05-24,0,28,32,0,14,14,0,15,36075,104,0,15,574,0,0,0,0,0,False,False,False
2016-05-25,0,28,32,0,14,14,0,15,36098,104,0,15,574,0,0,0,0,0,False,False,False
2016-05-26,0,28,32,0,14,14,0,15,36123,104,0,15,574,0,0,0,0,0,False,False,False
2016-05-27,0,28,32,0,14,14,0,15,36147,104,0,15,574,0,0,0,0,0,False,False,False
2016-05-28,0,28,32,0,14,14,0,15,36171,104,0,15,574,0,0,0,0,0,False,False,False
2016-05-29,0,28,32,0,14,14,0,15,36195,104,0,15,574,0,0,0,0,0,False,False,False
2016-05-30,0,29,32,0,14,14,0,15,36219,104,0,15,574,0,0,0,0,0,False,False,False
2016-05-31,0,29,32,0,14,14,0,15,36243,104,0,15,574,0,0,0,0,0,False,False,False
2016-06-01,0,29,32,0,14,14,0,15,36267,104,0,15,574,0,0,0,0,0,False,False,False
2016-06-02,0,29,32,0,14,14,0,15,36291,104,0,15,574,0,0,0,0,0,False,False,False
2016-06-03,0,29,32,0,14,14,0,15,36315,104,0,15,574,0,0,0,0,0,False,False,False
2016-06-04,0,29,32,0,14,14,0,15,36339,104,0,15,574,0,0,0,0,0,False,False,False
2016-06-05,0,29,32,0,14,14,0,15,36363,104,0,15,574,0,0,0,0,0,False,False,False
2016-06-06,0,29,32,0,14,14,0,15,36387,104,0,15,574,0,0,0,0,0,False,False,False
2016-06-07,0,29,32,0,14,14,0,15,36411,104,0,15,574,0,0,0,0,0,False,False,False
2016-06-08,0,28,32,0,14,14,0,15,36435,104,0,15,574,0,0,0,0,0,False,False,False
2016-06-09,0,29,32,0,14,14,0,15,36459,104,0,15,574,0,0,0,0,0,False,False,False
2016-06-10,0,28,32,0,14,14,0,15,36483,104,0,15,574,0,0,0,0,0,False,False,False
2016-06-11,0,29,32,0,14,14,0,15,36507,104,0,15,574,0,0,0,0,0,False,False,False
2016-06-12,0,29,32,0,14,14,0,15,36531,104,0,15,574,0,0,0,0,0,False,False,False
2016-06-13,0,28,32,0,14,14,0,15,36555,104,0,15,574,0,0,0,0,0,False,False,False
2016-06-14,0,28,32,0,14,14,0,15,36579,104,0,15,574,0,0,0,0,0,False,False,False
2016-06-15,0,27,32,0,14,14,0,15,36603,104,0,15,574,0,0,0,0,0,False,False,False
2016-06-16,0,29,32,0,14,14,0,15,36627,104,0,15,574,0,0,0,0,0,False,False,False
2016-06-17,0,29,32,0,14,14,0,15,36651,104,0,15,574,0,0,0,0,0,False,False,False
2016-06-18,0,28,32,0,14,14,0,15,36675,104,0,15,574,0,0,0,0,0,False,False,False
2016-06-19,0,28,32,0,14,14,0,15,36699,104,0,15,574,0,0,0,0,0,False,False,False
2016-06-20,0,29,32,0,14,14,0,15,36723,104,0,15,574,0,0,0,0,0,False,False,False
2016-06-21,0,30,32,0,14,14,0,15,36747,104,0,15,574,0,0,0,0,0,False,False,False
2016-06-22,0,31,32,0,14,14,0,15,36771,104,0,15,574,0,0,0,0,0,False,False,False
2016-06-23,0,31,32,0,14,14,0,15,36795,104,0,15,574,0,0,0,0,0,False,False,False
2016-06-24,0,30,32,0,14,14,0,15,36819,104,0,15,574,0,0,0,0,0,False,False,False
2016-06-25,0,31,32,0,14,14,0,15,36843,104,0,15,574,0,0,0,0,0,False,False,False
2016-06-26,0,30,32,0,14,14,0,15,36867,104,0,15,574,0,0,0,0,0,False,False,False
2016-06-27,0,31,32,0,14,14,0,15,36891,104,0,15,574,0,0,0,0,0,False,False,False
2016-06-28,0,32,32,0,14,14,0,15,36914,104,0,15,574,0,0,0,0,0,False,False,False
2016-06-29,0,31,32,0,14,14,0,15,36939,104,0,15,574,0,0,0,0,0,False,False,False
2016-06-30,0,31,32,0,14,14,0,15,36963,104,0,15,574,0,0,0,0,0,False,False,False
