date,failure,Smart 194: Temperature_Celsius (Raw Value),Smart 8: Seek_Time_Performance (Raw Value),Smart 1: Raw_Read_Error_Rate (Raw Value),Smart 12: Power_Cycle_Count (Raw Value),Smart 4: Start_Stop_Count (Raw Value),Smart 10: Spin_Retry_Count (Raw Value),Smart 192: Power-Off_Retract_Count (Raw Value),Smart 9: Power_On_Hours (Raw Value),Smart 2: Throughput_Performance (Raw Value),Smart 7: Seek_Error_Rate (Raw Value),Smart 193: Load_Cycle_Count (Raw Value),Smart 3: Spin_Up_Time (Raw Value),Smart 5: Reallocated_Sector_Ct (Raw Value),Smart 197: Current_Pending_Sector (Raw Value),Smart 198: Offline_Uncorrectable (Raw Value),Smart 199: UDMA_CRC_Error_Count (Raw Value),Smart 196: Reallocated_Event_Count (Raw Value),op_fail_30,op_fail_15,op_fail_1
2013-04-10,0,26,,0,,,,,8724,,,,,0,0,,,,False,False,False
2013-04-11,0,26,,0,,,,,8748,,,,,0,0,,,,False,False,False
2013-04-12,0,26,,0,,,,,8772,,,,,0,0,,,,False,False,False
2013-04-13,0,26,,0,,,,,8796,,,,,0,0,,,,False,False,False
2013-04-14,0,26,,0,,,,,8820,,,,,0,0,,,,False,False,False
2013-04-15,0,27,,0,,,,,8844,,,,,0,0,,,,False,False,False
2013-04-16,0,26,,0,,,,,8868,,,,,0,0,,,,False,False,False
2013-04-17,0,26,,0,,,,,8892,,,,,0,0,,,,False,False,False
2013-04-18,0,26,,0,,,,,8916,,,,,0,0,,,,False,False,False
2013-04-19,0,23,,0,,,,,8940,,,,,0,0,,,,False,False,False
2013-04-20,0,23,,0,,,,,8964,,,,,0,0,,,,False,False,False
2013-04-21,0,23,,0,,,,,8988,,,,,0,0,,,,False,False,False
2013-04-22,0,23,,0,,,,,9012,,,,,0,0,,,,False,False,False
2013-04-23,0,23,,0,,,,,9036,,,,,0,0,,,,False,False,False
2013-04-24,0,22,,0,,,,,9060,,,,,0,0,,,,False,False,False
2013-04-25,0,22,,0,,,,,9084,,,,,0,0,,,,False,False,False
2013-04-26,0,22,,0,,,,,9108,,,,,0,0,,,,False,False,False
2013-04-27,0,23,,0,,,,,9132,,,,,0,0,,,,False,False,False
2013-04-28,0,23,,0,,,,,9156,,,,,0,0,,,,False,False,False
2013-04-29,0,23,,0,,,,,9181,,,,,0,0,,,,False,False,False
2013-04-30,0,22,,0,,,,,9204,,,,,0,0,,,,False,False,False
2013-05-01,0,24,,0,,,,,9228,,,,,0,0,,,,False,False,False
2013-05-02,0,25,,0,,,,,9252,,,,,0,0,,,,False,False,False
2013-05-03,0,25,,0,,,,,9276,,,,,0,0,,,,False,False,False
2013-05-04,0,25,,0,,,,,9300,,,,,0,0,,,,False,False,False
2013-05-05,0,25,,0,,,,,9324,,,,,0,0,,,,False,False,False
2013-05-06,0,25,,0,,,,,9348,,,,,0,0,,,,False,False,False
2013-05-07,0,25,,0,,,,,9372,,,,,0,0,,,,False,False,False
2013-05-08,0,25,,0,,,,,9396,,,,,0,0,,,,False,False,False
2013-05-09,0,25,,0,,,,,9421,,,,,0,0,,,,False,False,False
2013-05-10,0,25,,0,,,,,9444,,,,,0,0,,,,False,False,False
2013-05-11,0,24,,0,,,,,9469,,,,,0,0,,,,False,False,False
2013-05-12,0,24,,0,,,,,9492,,,,,0,0,,,,False,False,False
2013-05-13,0,25,,0,,,,,9516,,,,,0,0,,,,False,False,False
2013-05-14,0,24,,0,,,,,9540,,,,,0,0,,,,False,False,False
2013-05-15,0,24,,0,,,,,9564,,,,,0,0,,,,False,False,False
2013-05-16,0,24,,0,,,,,9588,,,,,0,0,,,,False,False,False
2013-05-17,0,25,,0,,,,,9612,,,,,0,0,,,,False,False,False
2013-05-18,0,24,,0,,,,,9636,,,,,0,0,,,,False,False,False
2013-05-19,0,25,,0,,,,,9660,,,,,0,0,,,,False,False,False
2013-05-20,0,25,,0,,,,,9684,,,,,0,0,,,,False,False,False
2013-05-21,0,24,,0,,,,,9709,,,,,0,0,,,,False,False,False
2013-05-22,0,24,,0,,,,,9732,,,,,0,0,,,,False,False,False
2013-05-23,0,24,,0,,,,,9756,,,,,0,0,,,,False,False,False
2013-05-24,0,25,,0,,,,,9780,,,,,0,0,,,,False,False,False
2013-05-25,0,25,,0,,,,,9804,,,,,0,0,,,,False,False,False
2013-05-26,0,25,,0,,,,,9828,,,,,0,0,,,,False,False,False
2013-05-27,0,25,,0,,,,,9852,,,,,0,0,,,,False,False,False
2013-05-28,0,25,,0,,,,,9876,,,,,0,0,,,,False,False,False
2013-05-29,0,25,,0,,,,,9900,,,,,0,0,,,,False,False,False
2013-05-30,0,25,,0,,,,,9924,,,,,0,0,,,,False,False,False
2013-05-31,0,25,,0,,,,,9948,,,,,0,0,,,,False,False,False
2013-06-01,0,25,,0,,,,,9972,,,,,0,0,,,,False,False,False
2013-06-02,0,25,,0,,,,,9997,,,,,0,0,,,,False,False,False
2013-06-03,0,24,,0,,,,,10020,,,,,0,0,,,,False,False,False
2013-06-04,0,25,,0,,,,,10044,,,,,0,0,,,,False,False,False
2013-06-05,0,25,,0,,,,,10068,,,,,0,0,,,,False,False,False
2013-06-06,0,24,,0,,,,,10092,,,,,0,0,,,,False,False,False
2013-06-07,0,25,,0,,,,,10116,,,,,0,0,,,,False,False,False
2013-06-08,0,25,,0,,,,,10140,,,,,0,0,,,,False,False,False
2013-06-09,0,24,,0,,,,,10164,,,,,0,0,,,,False,False,False
2013-06-10,0,25,,0,,,,,10188,,,,,0,0,,,,False,False,False
2013-06-11,0,25,,0,,,,,10213,,,,,0,0,,,,False,False,False
2013-06-12,0,25,,0,,,,,10237,,,,,0,0,,,,False,False,False
2013-06-13,0,25,,0,,,,,10260,,,,,0,0,,,,False,False,False
2013-06-14,0,25,,0,,,,,10285,,,,,0,0,,,,False,False,False
2013-06-15,0,24,,0,,,,,10308,,,,,0,0,,,,False,False,False
2013-06-16,0,24,,0,,,,,10332,,,,,0,0,,,,False,False,False
2013-06-17,0,24,,65536,,,,,10356,,,,,0,0,,,,False,False,False
2013-06-18,0,25,,0,,,,,10380,,,,,0,0,,,,False,False,False
2013-06-19,0,25,,0,,,,,10404,,,,,0,0,,,,False,False,False
2013-06-20,0,24,,0,,,,,10428,,,,,0,0,,,,False,False,False
2013-06-21,0,25,,0,,,,,10452,,,,,0,0,,,,False,False,False
2013-06-22,0,25,,0,,,,,10476,,,,,0,0,,,,False,False,False
2013-06-23,0,25,,0,,,,,10500,,,,,0,0,,,,False,False,False
2013-06-24,0,24,,0,,,,,10524,,,,,0,0,,,,False,False,False
2013-06-25,0,25,,0,,,,,10549,,,,,0,0,,,,False,False,False
2013-06-26,0,24,,0,,,,,10572,,,,,0,0,,,,False,False,False
2013-06-27,0,25,,0,,,,,10596,,,,,0,0,,,,False,False,False
2013-06-28,0,25,,0,,,,,10620,,,,,0,0,,,,False,False,False
2013-06-29,0,25,,0,,,,,10644,,,,,0,0,,,,False,False,False
2013-06-30,0,25,,0,,,,,10668,,,,,0,0,,,,False,False,False
2013-07-01,0,25,,0,,,,,10692,,,,,0,0,,,,False,False,False
2013-07-02,0,25,,0,,,,,10716,,,,,0,0,,,,False,False,False
2013-07-03,0,25,,0,,,,,10740,,,,,0,0,,,,False,False,False
2013-07-04,0,25,,0,,,,,10764,,,,,0,0,,,,False,False,False
2013-07-05,0,25,,0,,,,,10788,,,,,0,0,,,,False,False,False
2013-07-06,0,25,,0,,,,,10813,,,,,0,0,,,,False,False,False
2013-07-07,0,25,,0,,,,,10836,,,,,0,0,,,,False,False,False
2013-07-08,0,25,,0,,,,,10860,,,,,0,0,,,,False,False,False
2013-07-09,0,25,,0,,,,,10884,,,,,0,0,,,,False,False,False
2013-07-10,0,25,,0,,,,,10903,,,,,0,0,,,,False,False,False
2013-07-11,0,25,,0,,,,,10927,,,,,0,0,,,,False,False,False
2013-07-12,0,25,,0,,,,,10951,,,,,0,0,,,,False,False,False
2013-07-13,0,25,,0,,,,,10975,,,,,0,0,,,,False,False,False
2013-07-14,0,25,,0,,,,,10999,,,,,0,0,,,,False,False,False
2013-07-15,0,25,,0,,,,,11023,,,,,0,0,,,,False,False,False
2013-07-16,0,26,,0,,,,,11047,,,,,0,0,,,,False,False,False
2013-07-17,0,25,,0,,,,,11071,,,,,0,0,,,,False,False,False
2013-07-18,0,25,,0,,,,,11095,,,,,0,0,,,,False,False,False
2013-07-19,0,26,,0,,,,,11119,,,,,0,0,,,,False,False,False
2013-07-20,0,26,,0,,,,,11143,,,,,0,0,,,,False,False,False
2013-07-21,0,26,,0,,,,,11167,,,,,0,0,,,,False,False,False
2013-07-22,0,26,,0,,,,,11191,,,,,0,0,,,,False,False,False
2013-07-23,0,26,,0,,,,,11215,,,,,0,0,,,,False,False,False
2013-07-24,0,26,,0,,,,,11239,,,,,0,0,,,,False,False,False
2013-07-25,0,26,,0,,,,,11263,,,,,0,0,,,,False,False,False
2013-07-26,0,26,,0,,,,,11287,,,,,0,0,,,,False,False,False
2013-07-27,0,26,,0,,,,,11311,,,,,0,0,,,,False,False,False
2013-07-28,0,26,,0,,,,,11335,,,,,0,0,,,,False,False,False
2013-07-29,0,28,,0,,,,,11359,,,,,0,0,,,,False,False,False
2013-07-30,0,27,,0,,,,,11383,,,,,0,0,,,,False,False,False
2013-07-31,0,27,,0,,,,,11407,,,,,0,0,,,,False,False,False
2013-08-01,0,27,,0,,,,,11431,,,,,0,0,,,,False,False,False
2013-08-02,0,27,,0,,,,,11455,,,,,0,0,,,,False,False,False
2013-08-03,0,27,,0,,,,,11479,,,,,0,0,,,,False,False,False
2013-08-04,0,27,,0,,,,,11503,,,,,0,0,,,,False,False,False
2013-08-05,0,27,,0,,,,,11527,,,,,0,0,,,,False,False,False
2013-08-06,0,26,,0,,,,,11551,,,,,0,0,,,,False,False,False
2013-08-07,0,26,,0,,,,,11575,,,,,0,0,,,,False,False,False
2013-08-08,0,26,,0,,,,,11599,,,,,0,0,,,,False,False,False
2013-08-09,0,26,,0,,,,,11623,,,,,0,0,,,,False,False,False
2013-08-10,0,26,,0,,,,,11647,,,,,0,0,,,,False,False,False
2013-08-11,0,26,,0,,,,,11671,,,,,0,0,,,,False,False,False
2013-08-12,0,26,,0,,,,,11695,,,,,0,0,,,,False,False,False
2013-08-13,0,26,,0,,,,,11719,,,,,0,0,,,,False,False,False
2013-08-14,0,27,,0,,,,,11743,,,,,0,0,,,,False,False,False
2013-08-15,0,26,,0,,,,,11767,,,,,0,0,,,,False,False,False
2013-08-16,0,25,,0,,,,,11791,,,,,0,0,,,,False,False,False
2013-08-17,0,25,,0,,,,,11815,,,,,0,0,,,,False,False,False
2013-08-18,0,25,,0,,,,,11839,,,,,0,0,,,,False,False,False
2013-08-19,0,24,,0,,,,,11863,,,,,0,0,,,,False,False,False
2013-10-15,0,23,,0,,,,,13231,,,,,0,0,,,,False,False,False
2013-10-16,0,23,,0,,,,,13255,,,,,0,0,,,,False,False,False
2013-10-17,0,23,,0,,,,,13279,,,,,0,0,,,,False,False,False
2013-10-18,0,23,,0,,,,,13303,,,,,0,0,,,,False,False,False
2013-10-19,0,23,,0,,,,,13327,,,,,0,0,,,,False,False,False
2013-10-20,0,23,,0,,,,,13351,,,,,0,0,,,,False,False,False
2013-10-21,0,23,,0,,,,,13375,,,,,0,0,,,,False,False,False
2013-10-22,0,23,,0,,,,,13399,,,,,0,0,,,,False,False,False
2013-10-23,0,23,,0,,,,,13423,,,,,0,0,,,,False,False,False
2013-10-24,0,23,,0,,,,,13447,,,,,0,0,,,,False,False,False
2013-10-25,0,23,,0,,,,,13471,,,,,0,0,,,,False,False,False
2013-10-26,0,24,,0,,,,,13495,,,,,0,0,,,,False,False,False
2013-10-27,0,24,,65536,,,,,13519,,,,,0,0,,,,False,False,False
2013-10-28,0,24,,0,,,,,13543,,,,,0,0,,,,False,False,False
2013-10-29,0,24,,0,,,,,13567,,,,,0,0,,,,False,False,False
2013-10-30,0,23,,0,,,,,13591,,,,,0,0,,,,False,False,False
2013-10-31,0,23,,0,,,,,13615,,,,,0,0,,,,False,False,False
2013-11-01,0,23,,0,,,,,13639,,,,,0,0,,,,False,False,False
2013-11-02,0,26,,0,,,,,13663,,,,,0,0,,,,False,False,False
2013-11-03,0,23,,0,,,,,13687,,,,,0,0,,,,False,False,False
2013-11-04,0,27,,0,,,,,13712,,,,,0,0,,,,False,False,False
2013-11-05,0,27,,0,,,,,13736,,,,,0,0,,,,False,False,False
2013-11-06,0,24,,0,,,,,13760,,,,,0,0,,,,False,False,False
2013-11-07,0,23,,0,,,,,13784,,,,,0,0,,,,False,False,False
2013-11-08,0,24,,0,,,,,13808,,,,,0,0,,,,False,False,False
2013-11-09,0,24,,0,,,,,13832,,,,,0,0,,,,False,False,False
2013-11-10,0,24,,0,,,,,13856,,,,,0,0,,,,False,False,False
2013-11-11,0,24,,0,,,,,13880,,,,,0,0,,,,False,False,False
2013-11-12,0,24,,0,,,,,13904,,,,,0,0,,,,False,False,False
2013-11-13,0,23,,0,,,,,13928,,,,,0,0,,,,False,False,False
2013-11-14,0,24,,1,,,,,13952,,,,,0,0,,,,False,False,False
2013-11-15,0,25,,0,,,,,13976,,,,,0,0,,,,False,False,False
2013-11-16,0,24,,0,,,,,14000,,,,,0,0,,,,False,False,False
2013-11-17,0,24,,0,,,,,14024,,,,,0,0,,,,False,False,False
2013-11-18,0,25,,0,,,,,14048,,,,,0,0,,,,False,False,False
2013-11-19,0,24,,0,,,,,14072,,,,,0,0,,,,False,False,False
2013-11-20,0,23,,0,,,,,14096,,,,,0,0,,,,False,False,False
2013-11-21,0,23,,0,,,,,14120,,,,,0,0,,,,False,False,False
2013-11-22,0,23,,0,,,,,14144,,,,,0,0,,,,False,False,False
2013-11-23,0,24,,0,,,,,14168,,,,,0,0,,,,False,False,False
2013-11-24,0,23,,0,,,,,14192,,,,,0,0,,,,False,False,False
2013-11-25,0,23,,0,,,,,14216,,,,,0,0,,,,False,False,False
2013-11-26,0,24,,0,,,,,14240,,,,,0,0,,,,False,False,False
2013-11-27,0,22,,0,,,,,14264,,,,,0,0,,,,False,False,False
2013-11-28,0,23,,0,,,,,14288,,,,,0,0,,,,False,False,False
2013-11-29,0,23,,0,,,,,14312,,,,,0,0,,,,False,False,False
2013-11-30,0,23,,0,,,,,14336,,,,,0,0,,,,False,False,False
2013-12-01,0,22,,0,,,,,14360,,,,,0,0,,,,False,False,False
2013-12-02,0,23,,0,,,,,14384,,,,,0,0,,,,False,False,False
2013-12-03,0,22,,0,,,,,14408,,,,,0,0,,,,False,False,False
2013-12-04,0,22,,0,,,,,14432,,,,,0,0,,,,False,False,False
2013-12-05,0,23,,0,,,,,14456,,,,,0,0,,,,False,False,False
2013-12-06,0,24,,0,,,,,14480,,,,,0,0,,,,False,False,False
2013-12-07,0,22,,0,,,,,14504,,,,,0,0,,,,False,False,False
2013-12-08,0,23,,0,,,,,14528,,,,,0,0,,,,False,False,False
2013-12-09,0,24,,0,,,,,14552,,,,,0,0,,,,False,False,False
2013-12-10,0,23,,0,,,,,14576,,,,,0,0,,,,False,False,False
2013-12-11,0,23,,0,,,,,14600,,,,,0,0,,,,False,False,False
2013-12-12,0,22,,0,,,,,14624,,,,,0,0,,,,False,False,False
2013-12-13,0,22,,0,,,,,14648,,,,,0,0,,,,False,False,False
2013-12-14,0,22,,0,,,,,14672,,,,,0,0,,,,False,False,False
2013-12-15,0,22,,0,,,,,14696,,,,,0,0,,,,False,False,False
2013-12-16,0,22,,0,,,,,14720,,,,,0,0,,,,False,False,False
2013-12-17,0,22,,0,,,,,14744,,,,,0,0,,,,False,False,False
2013-12-18,0,22,,0,,,,,14768,,,,,0,0,,,,False,False,False
2013-12-19,0,22,,0,,,,,14792,,,,,0,0,,,,False,False,False
2013-12-20,0,22,,0,,,,,14816,,,,,0,0,,,,False,False,False
2013-12-21,0,22,,0,,,,,14840,,,,,0,0,,,,False,False,False
2013-12-22,0,22,,0,,,,,14864,,,,,0,0,,,,False,False,False
2013-12-23,0,22,,0,,,,,14888,,,,,0,0,,,,False,False,False
2013-12-24,0,23,,0,,,,,14912,,,,,0,0,,,,False,False,False
2013-12-25,0,23,,0,,,,,14936,,,,,0,0,,,,False,False,False
2013-12-26,0,22,,0,,,,,14960,,,,,0,0,,,,False,False,False
2013-12-27,0,23,,0,,,,,14984,,,,,0,0,,,,False,False,False
2013-12-28,0,22,,0,,,,,15008,,,,,0,0,,,,False,False,False
2013-12-29,0,23,,0,,,,,15032,,,,,0,0,,,,False,False,False
2013-12-30,0,22,,0,,,,,15056,,,,,0,0,,,,False,False,False
2013-12-31,0,23,,0,,,,,15080,,,,,0,0,,,,False,False,False
2014-01-01,0,24,,0,,,,,15104,,,,,0,0,,,,False,False,False
2014-01-02,0,22,,0,,,,,15128,,,,,0,0,,,,False,False,False
2014-01-03,0,22,,0,,,,,15152,,,,,0,0,,,,False,False,False
2014-01-04,0,22,,0,,,,,15176,,,,,0,0,,,,False,False,False
2014-01-05,0,22,,0,,,,,15200,,,,,0,0,,,,False,False,False
2014-01-06,0,22,,0,,,,,15224,,,,,0,0,,,,False,False,False
2014-01-07,0,22,,0,,,,,15248,,,,,0,0,,,,False,False,False
2014-01-08,0,22,,0,,,,,15272,,,,,0,0,,,,False,False,False
2014-01-09,0,22,,0,,,,,15296,,,,,0,0,,,,False,False,False
2014-01-10,0,22,,0,,,,,15320,,,,,0,0,,,,False,False,False
2014-01-11,0,22,,0,,,,,15344,,,,,0,0,,,,False,False,False
2014-01-12,0,22,,0,,,,,15368,,,,,0,0,,,,False,False,False
2014-01-13,0,22,,0,,,,,15392,,,,,0,0,,,,False,False,False
2014-01-14,0,22,,0,,,,,15416,,,,,0,0,,,,False,False,False
2014-01-15,0,22,,0,,,,,15440,,,,,0,0,,,,False,False,False
2014-01-16,0,22,,0,,,,,15464,,,,,0,0,,,,False,False,False
2014-01-17,0,22,,0,,,,,15488,,,,,0,0,,,,False,False,False
2014-01-18,0,22,,0,,,,,15512,,,,,0,0,,,,False,False,False
2014-01-19,0,23,,0,,,,,15536,,,,,0,0,,,,False,False,False
2014-01-20,0,23,,0,,,,,15560,,,,,0,0,,,,False,False,False
2014-01-21,0,23,,0,,,,,15584,,,,,0,0,,,,False,False,False
2014-01-22,0,22,,0,,,,,15608,,,,,0,0,,,,False,False,False
2014-01-23,0,22,,0,,,,,15632,,,,,0,0,,,,False,False,False
2014-01-24,0,23,,0,,,,,15656,,,,,0,0,,,,False,False,False
2014-01-25,0,23,,0,,,,,15680,,,,,0,0,,,,False,False,False
2014-01-26,0,22,,0,,,,,15704,,,,,0,0,,,,False,False,False
2014-01-27,0,23,,0,,,,,15728,,,,,0,0,,,,False,False,False
2014-01-28,0,22,,0,,,,,15752,,,,,0,0,,,,False,False,False
2014-01-29,0,22,,0,,,,,15776,,,,,0,0,,,,False,False,False
2014-01-30,0,23,,0,,,,,15800,,,,,0,0,,,,False,False,False
2014-01-31,0,23,,0,,,,,15824,,,,,0,0,,,,False,False,False
2014-02-01,0,22,,0,,,,,15848,,,,,0,0,,,,False,False,False
2014-02-02,0,23,,0,,,,,15872,,,,,0,0,,,,False,False,False
2014-02-03,0,23,,0,,,,,15897,,,,,0,0,,,,False,False,False
2014-02-04,0,22,,0,,,,,15920,,,,,0,0,,,,False,False,False
2014-02-05,0,23,,0,,,,,15944,,,,,0,0,,,,False,False,False
2014-02-06,0,23,,0,,,,,15967,,,,,0,0,,,,False,False,False
2014-02-07,0,22,,0,,,,,15991,,,,,0,0,,,,False,False,False
2014-02-08,0,22,,0,,,,,16015,,,,,0,0,,,,False,False,False
2014-02-09,0,22,,0,,,,,16039,,,,,0,0,,,,False,False,False
2014-02-10,0,22,,0,,,,,16063,,,,,0,0,,,,False,False,False
2014-02-11,0,22,,0,,,,,16087,,,,,0,0,,,,False,False,False
2014-02-12,0,22,,0,,,,,16111,,,,,0,0,,,,False,False,False
2014-02-13,0,22,,0,,,,,16135,,,,,0,0,,,,False,False,False
2014-02-14,0,22,32,0,7,7,0,7,16159,103,0,7,458,0,0,0,0,0,False,False,False
2014-02-15,0,22,32,0,7,7,0,7,16183,103,0,7,458,0,0,0,0,0,False,False,False
2014-02-16,0,22,32,0,7,7,0,7,16206,103,0,7,458,0,0,0,0,0,False,False,False
2014-02-17,0,22,32,0,7,7,0,7,16231,103,0,7,458,0,0,0,0,0,False,False,False
2014-02-18,0,22,32,0,7,7,0,7,16255,103,0,7,458,0,0,0,0,0,False,False,False
2014-02-19,0,22,32,0,7,7,0,7,16278,103,0,7,458,0,0,0,0,0,False,False,False
2014-02-20,0,23,32,0,7,7,0,7,16302,103,0,7,458,0,0,0,0,0,False,False,False
2014-02-21,0,23,32,0,7,7,0,7,16327,103,0,7,458,0,0,0,0,0,False,False,False
2014-02-22,0,25,32,0,7,7,0,7,16351,103,0,7,458,0,0,0,0,0,False,False,False
2014-02-23,0,23,32,0,7,7,0,7,16374,103,0,7,458,0,0,0,0,0,False,False,False
2014-02-24,0,23,32,0,7,7,0,7,16399,103,0,7,458,0,0,0,0,0,False,False,False
2014-02-25,0,23,32,0,7,7,0,7,16423,103,0,7,458,0,0,0,0,0,False,False,False
2014-02-26,0,24,32,0,7,7,0,7,16446,103,0,7,458,0,0,0,0,0,False,False,False
2014-02-27,0,23,32,1,7,7,0,7,16471,103,0,7,458,0,0,0,0,0,False,False,False
2014-02-28,0,23,32,0,7,7,0,7,16495,103,0,7,458,0,0,0,0,0,False,False,False
2014-03-01,0,23,32,0,7,7,0,7,16518,103,0,7,458,0,0,0,0,0,False,False,False
2014-03-02,0,23,32,0,7,7,0,7,16543,103,0,7,458,0,0,0,0,0,False,False,False
2014-03-03,0,22,32,0,7,7,0,7,16567,103,0,7,458,0,0,0,0,0,False,False,False
2014-03-04,0,23,32,0,7,7,0,7,16590,103,0,7,458,0,0,0,0,0,False,False,False
2014-03-05,0,24,32,65536,7,7,0,7,16615,103,0,7,458,0,0,0,0,0,False,False,False
2014-03-06,0,24,32,0,7,7,0,7,16639,103,0,7,458,0,0,0,0,0,False,False,False
2014-03-07,0,24,32,0,7,7,0,7,16663,103,0,7,458,0,0,0,0,0,False,False,False
2014-03-08,0,23,32,0,7,7,0,7,16686,103,0,7,458,0,0,0,0,0,False,False,False
2014-03-09,0,23,32,0,7,7,0,7,16711,103,0,7,458,0,0,0,0,0,False,False,False
2014-03-10,0,23,32,0,7,7,0,7,16735,103,0,7,458,0,0,0,0,0,False,False,False
2014-03-11,0,23,32,0,7,7,0,7,16758,103,0,7,458,0,0,0,0,0,False,False,False
2014-03-12,0,23,32,0,7,7,0,7,16781,103,0,7,458,0,0,0,0,0,False,False,False
2014-03-13,0,23,32,0,7,7,0,7,16806,103,0,7,458,0,0,0,0,0,False,False,False
2014-03-14,0,23,32,0,7,7,0,7,16830,103,0,7,458,0,0,0,0,0,False,False,False
2014-03-15,0,23,32,0,7,7,0,7,16853,103,0,7,458,0,0,0,0,0,False,False,False
2014-03-16,0,23,32,0,7,7,0,7,16877,103,0,7,458,0,0,0,0,0,False,False,False
2014-03-17,0,22,32,0,7,7,0,7,16902,103,0,7,458,0,0,0,0,0,False,False,False
2014-03-18,0,23,32,0,7,7,0,7,16926,103,0,7,458,0,0,0,0,0,False,False,False
2014-03-19,0,22,32,0,7,7,0,7,16949,103,0,7,458,0,0,0,0,0,False,False,False
2014-03-20,0,23,32,0,7,7,0,7,16974,103,0,7,458,0,0,0,0,0,False,False,False
2014-03-21,0,23,32,0,7,7,0,7,16998,103,0,7,458,0,0,0,0,0,False,False,False
2014-03-22,0,22,32,0,7,7,0,7,17021,103,0,7,458,0,0,0,0,0,False,False,False
2014-03-23,0,26,32,0,7,7,0,7,17046,103,0,7,458,0,0,0,0,0,False,False,False
2014-03-24,0,23,32,0,7,7,0,7,17070,103,0,7,458,0,0,0,0,0,False,False,False
2014-03-25,0,24,32,0,7,7,0,7,17093,103,0,7,458,0,0,0,0,0,False,False,False
2014-03-26,0,25,32,0,8,8,0,8,17117,103,0,8,458,0,0,0,0,0,False,False,False
2014-03-27,0,24,32,0,8,8,0,8,17141,103,0,8,458,0,0,0,0,0,False,False,False
2014-03-28,0,24,32,0,8,8,0,8,17165,103,0,8,458,0,0,0,0,0,False,False,False
2014-03-29,0,24,32,0,8,8,0,8,17190,104,0,8,458,0,0,0,0,0,False,False,False
2014-03-30,0,24,32,0,8,8,0,8,17213,104,0,8,458,0,0,0,0,0,False,False,False
2014-03-31,0,24,32,0,8,8,0,8,17237,104,0,8,458,0,0,0,0,0,False,False,False
2014-04-01,0,25,32,0,8,8,0,8,17262,104,0,8,458,0,0,0,0,0,False,False,False
2014-04-02,0,25,32,0,8,8,0,8,17285,104,0,8,458,0,0,0,0,0,False,False,False
2014-04-03,0,25,32,0,8,8,0,8,17309,104,0,8,458,0,0,0,0,0,False,False,False
2014-04-04,0,25,32,0,8,8,0,8,17334,104,0,8,458,0,0,0,0,0,False,False,False
2014-04-05,0,24,32,0,8,8,0,8,17357,104,0,8,458,0,0,0,0,0,False,False,False
2014-04-06,0,24,32,0,8,8,0,8,17381,104,0,8,458,0,0,0,0,0,False,False,False
2014-04-07,0,24,32,0,8,8,0,8,17405,104,0,8,458,0,0,0,0,0,False,False,False
2014-04-08,0,24,32,0,8,8,0,8,17430,104,0,8,458,0,0,0,0,0,False,False,False
2014-04-09,0,24,32,0,8,8,0,8,17453,104,0,8,458,0,0,0,0,0,False,False,False
2014-04-10,0,24,32,0,8,8,0,8,17477,104,0,8,458,0,0,0,0,0,False,False,False
2014-04-11,0,24,32,0,8,8,0,8,17502,104,0,8,458,0,0,0,0,0,False,False,False
2014-04-12,0,24,32,0,8,8,0,8,17525,104,0,8,458,0,0,0,0,0,False,False,False
2014-04-13,0,24,32,0,8,8,0,8,17549,104,0,8,458,0,0,0,0,0,False,False,False
2014-04-14,0,24,32,0,8,8,0,8,17574,104,0,8,458,0,0,0,0,0,False,False,False
2014-04-15,0,24,32,0,8,8,0,8,17597,104,0,8,458,0,0,0,0,0,False,False,False
2014-04-16,0,24,32,0,8,8,0,8,17621,104,0,8,458,0,0,0,0,0,False,False,False
2014-04-17,0,24,32,0,8,8,0,8,17646,104,0,8,458,0,0,0,0,0,False,False,False
2014-04-18,0,24,32,0,8,8,0,8,17669,104,0,8,458,0,0,0,0,0,False,False,False
2014-04-19,0,24,32,0,8,8,0,8,17693,104,0,8,458,0,0,0,0,0,False,False,False
2014-04-20,0,23,32,0,8,8,0,8,17717,104,0,8,458,0,0,0,0,0,False,False,False
2014-04-21,0,25,32,0,8,8,0,8,17742,104,0,8,458,0,0,0,0,0,False,False,False
2014-04-22,0,24,32,0,8,8,0,8,17765,104,0,8,458,0,0,0,0,0,False,False,False
2014-04-23,0,24,32,0,8,8,0,8,17789,104,0,8,458,0,0,0,0,0,False,False,False
2014-04-24,0,25,32,0,8,8,0,8,17814,104,0,8,458,0,0,0,0,0,False,False,False
2014-04-25,0,25,32,0,8,8,0,8,17837,104,0,8,458,0,0,0,0,0,False,False,False
2014-04-26,0,25,32,0,8,8,0,8,17861,104,0,8,458,0,0,0,0,0,False,False,False
2014-04-27,0,25,32,0,8,8,0,8,17886,104,0,8,458,0,0,0,0,0,False,False,False
2014-04-28,0,26,32,0,8,8,0,8,17909,104,0,8,458,0,0,0,0,0,False,False,False
2014-04-29,0,25,32,0,8,8,0,8,17933,104,0,8,458,0,0,0,0,0,False,False,False
2014-04-30,0,26,32,0,8,8,0,8,17958,104,0,8,458,0,0,0,0,0,False,False,False
2014-05-01,0,26,32,0,8,8,0,8,17982,104,0,8,458,0,0,0,0,0,False,False,False
2014-05-02,0,25,32,0,8,8,0,8,18005,104,0,8,458,0,0,0,0,0,False,False,False
2014-05-03,0,25,32,0,8,8,0,8,18029,104,0,8,458,0,0,0,0,0,False,False,False
2014-05-04,0,25,32,0,8,8,0,8,18054,104,0,8,458,0,0,0,0,0,False,False,False
2014-05-05,0,25,32,0,8,8,0,8,18077,104,0,8,458,0,0,0,0,0,False,False,False
2014-05-06,0,24,32,0,8,8,0,8,18101,104,0,8,458,0,0,0,0,0,False,False,False
2014-05-07,0,25,32,0,8,8,0,8,18126,104,0,8,458,0,0,0,0,0,False,False,False
2014-05-08,0,26,32,0,8,8,0,8,18149,104,0,8,458,0,0,0,0,0,False,False,False
2014-05-09,0,25,32,0,8,8,0,8,18173,104,0,8,458,0,0,0,0,0,False,False,False
2014-05-10,0,26,32,0,8,8,0,8,18198,104,0,8,458,0,0,0,0,0,False,False,False
2014-05-11,0,26,32,0,8,8,0,8,18222,104,0,8,458,0,0,0,0,0,False,False,False
2014-05-12,0,25,32,0,8,8,0,8,18245,104,0,8,458,0,0,0,0,0,False,False,False
2014-05-13,0,25,32,0,8,8,0,8,18269,104,0,8,458,0,0,0,0,0,False,False,False
2014-05-14,0,25,32,0,8,8,0,8,18294,104,0,8,458,0,0,0,0,0,False,False,False
2014-05-15,0,25,32,0,8,8,0,8,18317,104,0,8,458,0,0,0,0,0,False,False,False
2014-05-16,0,25,32,0,8,8,0,8,18341,104,0,8,458,0,0,0,0,0,False,False,False
2014-05-17,0,26,32,0,8,8,0,8,18366,104,0,8,458,0,0,0,0,0,False,False,False
2014-05-18,0,28,32,0,8,8,0,8,18389,104,0,8,458,0,0,0,0,0,False,False,False
2014-05-19,0,28,32,0,8,8,0,8,18413,104,0,8,458,0,0,0,0,0,False,False,False
2014-05-20,0,28,32,0,8,8,0,8,18438,104,0,8,458,0,0,0,0,0,False,False,False
2014-05-21,0,28,32,0,8,8,0,8,18461,104,0,8,458,0,0,0,0,0,False,False,False
2014-05-22,0,28,32,0,8,8,0,8,18485,104,0,8,458,0,0,0,0,0,False,False,False
2014-05-23,0,28,32,0,8,8,0,8,18510,104,0,8,458,0,0,0,0,0,False,False,False
2014-05-24,0,29,32,0,8,8,0,8,18534,104,0,8,458,0,0,0,0,0,False,False,False
2014-05-25,0,28,32,0,8,8,0,8,18557,104,0,8,458,0,0,0,0,0,False,False,False
2014-05-26,0,28,32,0,8,8,0,8,18581,104,0,8,458,0,0,0,0,0,False,False,False
2014-05-27,0,28,32,0,8,8,0,8,18606,104,0,8,458,0,0,0,0,0,False,False,False
2014-05-28,0,28,32,0,8,8,0,8,18629,104,0,8,458,0,0,0,0,0,False,False,False
2014-05-29,0,28,32,0,8,8,0,8,18653,104,0,8,458,0,0,0,0,0,False,False,False
2014-05-30,0,28,32,0,8,8,0,8,18678,104,0,8,458,0,0,0,0,0,False,False,False
2014-05-31,0,28,32,0,8,8,0,8,18701,104,0,8,458,0,0,0,0,0,False,False,False
2014-06-01,0,28,32,0,8,8,0,8,18725,104,0,8,458,0,0,0,0,0,False,False,False
2014-06-02,0,28,32,0,8,8,0,8,18749,104,0,8,458,0,0,0,0,0,False,False,False
2014-06-03,0,28,32,0,8,8,0,8,18774,104,0,8,458,0,0,0,0,0,False,False,False
2014-06-04,0,29,32,0,8,8,0,8,18797,104,0,8,458,0,0,0,0,0,False,False,False
2014-06-05,0,29,32,0,8,8,0,8,18821,104,0,8,458,0,0,0,0,0,False,False,False
2014-06-06,0,29,32,0,8,8,0,8,18846,104,0,8,458,0,0,0,0,0,False,False,False
2014-06-07,0,29,32,0,8,8,0,8,18869,104,0,8,458,0,0,0,0,0,False,False,False
2014-06-08,0,29,32,0,8,8,0,8,18893,104,0,8,458,0,0,0,0,0,False,False,False
2014-06-09,0,29,32,0,8,8,0,8,18918,104,0,8,458,0,0,0,0,0,False,False,False
2014-06-10,0,29,32,0,8,8,0,8,18941,104,0,8,458,0,0,0,0,0,False,False,False
2014-06-11,0,29,32,0,8,8,0,8,18965,104,0,8,458,0,0,0,0,0,False,False,False
2014-06-12,0,28,32,0,8,8,0,8,18990,104,0,8,458,0,0,0,0,0,False,False,False
2014-06-13,0,29,32,0,8,8,0,8,19013,104,0,8,458,0,0,0,0,0,False,False,False
2014-06-14,0,29,32,0,8,8,0,8,19037,104,0,8,458,0,0,0,0,0,False,False,False
2014-06-15,0,29,32,0,8,8,0,8,19062,104,0,8,458,0,0,0,0,0,False,False,False
2014-06-16,0,28,32,0,8,8,0,8,19086,104,0,8,458,0,0,0,0,0,False,False,False
2014-06-17,0,28,32,0,8,8,0,8,19109,104,0,8,458,0,0,0,0,0,False,False,False
2014-06-18,0,30,32,0,8,8,0,8,19133,104,0,8,458,0,0,0,0,0,False,False,False
2014-06-19,0,29,32,65536,8,8,0,8,19158,104,0,8,458,0,0,0,0,0,False,False,False
2014-06-23,0,29,32,0,8,8,0,8,19254,104,0,8,458,0,0,0,0,0,False,False,False
2014-06-24,0,29,32,0,8,8,0,8,19277,104,0,8,458,0,0,0,0,0,False,False,False
2014-06-25,0,30,32,0,8,8,0,8,19301,104,0,8,458,0,0,0,0,0,False,False,False
2014-06-26,0,29,32,0,8,8,0,8,19326,104,0,8,458,0,0,0,0,0,False,False,False
2014-06-27,0,29,32,0,8,8,0,8,19349,104,0,8,458,0,0,0,0,0,False,False,False
2014-06-28,0,29,32,0,8,8,0,8,19373,104,0,8,458,0,0,0,0,0,False,False,False
2014-06-29,0,29,32,0,8,8,0,8,19397,104,0,8,458,0,0,0,0,0,False,False,False
2014-06-30,0,29,32,0,8,8,0,8,19422,104,0,8,458,0,0,0,0,0,False,False,False
2014-07-01,0,29,32,0,8,8,0,8,19445,104,0,8,458,0,0,0,0,0,False,False,False
2014-07-02,0,29,32,0,8,8,0,8,19469,104,0,8,458,0,0,0,0,0,False,False,False
2014-07-03,0,28,32,0,8,8,0,8,19494,104,0,8,458,0,0,0,0,0,False,False,False
2014-07-04,0,28,32,0,8,8,0,8,19517,104,0,8,458,0,0,0,0,0,False,False,False
2014-07-05,0,28,32,0,8,8,0,8,19541,104,0,8,458,0,0,0,0,0,False,False,False
2014-07-06,0,28,32,0,8,8,0,8,19566,104,0,8,458,0,0,0,0,0,False,False,False
2014-07-07,0,28,32,0,8,8,0,8,19589,104,0,8,458,0,0,0,0,0,False,False,False
2014-07-08,0,28,32,0,8,8,0,8,19613,104,0,8,458,0,0,0,0,0,False,False,False
2014-07-09,0,27,32,0,8,8,0,8,19638,104,0,8,458,0,0,0,0,0,False,False,False
2014-07-10,0,27,32,0,8,8,0,8,19662,104,0,8,458,0,0,0,0,0,False,False,False
2014-07-11,0,27,32,0,8,8,0,8,19685,104,0,8,458,0,0,0,0,0,False,False,False
2014-07-12,0,27,32,0,8,8,0,8,19709,104,0,8,458,0,0,0,0,0,False,False,False
2014-07-13,0,27,32,0,8,8,0,8,19734,104,0,8,458,0,0,0,0,0,False,False,False
2014-07-14,0,27,32,0,8,8,0,8,19757,104,0,8,458,0,0,0,0,0,False,False,False
2014-07-15,0,27,32,0,8,8,0,8,19781,104,0,8,458,0,0,0,0,0,False,False,False
2014-07-16,0,27,32,0,8,8,0,8,19806,104,0,8,458,0,0,0,0,0,False,False,False
2014-07-17,0,27,32,0,8,8,0,8,19829,104,0,8,458,0,0,0,0,0,False,False,False
2014-07-18,0,27,32,0,8,8,0,8,19853,104,0,8,458,0,0,0,0,0,False,False,False
2014-07-19,0,28,32,0,8,8,0,8,19878,104,0,8,458,0,0,0,0,0,False,False,False
2014-07-20,0,28,32,0,8,8,0,8,19901,104,0,8,458,0,0,0,0,0,False,False,False
2014-07-21,0,28,32,0,8,8,0,8,19925,104,0,8,458,0,0,0,0,0,False,False,False
2014-07-22,0,28,32,0,8,8,0,8,19950,104,0,8,458,0,0,0,0,0,False,False,False
2014-07-23,0,24,32,0,8,8,0,8,19974,104,0,8,458,0,0,0,0,0,False,False,False
2014-07-24,0,24,32,0,8,8,0,8,19997,104,0,8,458,0,0,0,0,0,False,False,False
2014-07-25,0,24,32,0,8,8,0,8,20021,104,0,8,458,0,0,0,0,0,False,False,False
2014-07-26,0,24,32,0,8,8,0,8,20046,104,0,8,458,0,0,0,0,0,False,False,False
2014-07-27,0,24,32,0,8,8,0,8,20069,104,0,8,458,0,0,0,0,0,False,False,False
2014-07-28,0,24,32,0,8,8,0,8,20093,104,0,8,458,0,0,0,0,0,False,False,False
2014-07-29,0,24,32,0,8,8,0,8,20118,104,0,8,458,0,0,0,0,0,False,False,False
2014-07-30,0,23,32,0,8,8,0,8,20141,104,0,8,458,0,0,0,0,0,False,False,False
2014-07-31,0,23,32,0,8,8,0,8,20165,104,0,8,458,0,0,0,0,0,False,False,False
2014-08-01,0,23,32,0,8,8,0,8,20190,104,0,8,458,0,0,0,0,0,False,False,False
2014-08-02,0,23,32,0,8,8,0,8,20214,104,0,8,458,0,0,0,0,0,False,False,False
2014-08-03,0,23,32,0,8,8,0,8,20237,104,0,8,458,0,0,0,0,0,False,False,False
2014-08-04,0,23,32,0,8,8,0,8,20261,104,0,8,458,0,0,0,0,0,False,False,False
2014-08-05,0,23,32,0,8,8,0,8,20286,104,0,8,458,0,0,0,0,0,False,False,False
2014-08-06,0,23,32,0,8,8,0,8,20309,104,0,8,458,0,0,0,0,0,False,False,False
2014-08-07,0,23,32,0,8,8,0,8,20333,104,0,8,458,0,0,0,0,0,False,False,False
2014-08-08,0,23,32,0,8,8,0,8,20358,104,0,8,458,0,0,0,0,0,False,False,False
2014-08-09,0,23,32,0,8,8,0,8,20381,104,0,8,458,0,0,0,0,0,False,False,False
2014-08-10,0,28,32,0,8,8,0,8,20405,104,0,8,458,0,0,0,0,0,False,False,False
2014-08-11,0,28,32,0,8,8,0,8,20430,104,0,8,458,0,0,0,0,0,False,False,False
2014-08-12,0,29,32,0,8,8,0,8,20454,104,0,8,458,0,0,0,0,0,False,False,False
2014-08-13,0,30,32,0,8,8,0,8,20477,104,0,8,458,0,0,0,0,0,False,False,False
2014-08-14,0,30,32,0,8,8,0,8,20502,104,0,8,458,0,0,0,0,0,False,False,False
2014-08-15,0,30,32,0,8,8,0,8,20526,104,0,8,458,0,0,0,0,0,False,False,False
2014-08-16,0,29,32,0,8,8,0,8,20549,104,0,8,458,0,0,0,0,0,False,False,False
2014-08-17,0,30,32,0,8,8,0,8,20573,104,0,8,458,0,0,0,0,0,False,False,False
2014-08-18,0,30,32,0,8,8,0,8,20598,104,0,8,458,0,0,0,0,0,False,False,False
2014-08-19,0,30,32,0,8,8,0,8,20621,104,0,8,458,0,0,0,0,0,False,False,False
2014-08-20,0,30,32,0,8,8,0,8,20645,104,0,8,458,0,0,0,0,0,False,False,False
2014-08-21,0,30,32,0,8,8,0,8,20670,104,0,8,458,0,0,0,0,0,False,False,False
2014-08-22,0,28,32,0,8,8,0,8,20694,104,0,8,458,0,0,0,0,0,False,False,False
2014-08-23,0,28,32,0,8,8,0,8,20717,104,0,8,458,0,0,0,0,0,False,False,False
2014-08-24,0,28,32,0,8,8,0,8,20741,104,0,8,458,0,0,0,0,0,False,False,False
2014-08-25,0,28,32,0,8,8,0,8,20766,104,0,8,458,0,0,0,0,0,False,False,False
2014-08-26,0,25,32,0,8,8,0,8,20789,104,0,8,458,0,0,0,0,0,False,False,False
2014-08-27,0,25,32,0,8,8,0,8,20813,104,0,8,458,0,0,0,0,0,False,False,False
2014-08-28,0,25,32,0,8,8,0,8,20838,104,0,8,458,0,0,0,0,0,False,False,False
2014-08-29,0,25,32,0,8,8,0,8,20862,104,0,8,458,0,0,0,0,0,False,False,False
2014-08-30,0,25,32,0,8,8,0,8,20885,104,0,8,458,0,0,0,0,0,False,False,False
2014-08-31,0,25,32,0,8,8,0,8,20909,104,0,8,458,0,0,0,0,0,False,False,False
2014-09-01,0,25,32,0,8,8,0,8,20934,104,0,8,458,0,0,0,0,0,False,False,False
2014-09-02,0,25,32,0,8,8,0,8,20957,104,0,8,458,0,0,0,0,0,False,False,False
2014-09-03,0,25,32,0,8,8,0,8,20981,104,0,8,458,0,0,0,0,0,False,False,False
2014-09-04,0,25,32,0,8,8,0,8,21006,104,0,8,458,0,0,0,0,0,False,False,False
2014-09-05,0,24,32,0,8,8,0,8,21029,104,0,8,458,0,0,0,0,0,False,False,False
2014-09-06,0,25,32,0,8,8,0,8,21053,104,0,8,458,0,0,0,0,0,False,False,False
2014-09-07,0,25,32,0,8,8,0,8,21078,104,0,8,458,0,0,0,0,0,False,False,False
2014-09-08,0,25,32,0,8,8,0,8,21101,104,0,8,458,0,0,0,0,0,False,False,False
2014-09-09,0,23,32,0,8,8,0,8,21125,104,0,8,458,0,0,0,0,0,False,False,False
2014-09-10,0,25,32,0,8,8,0,8,21149,104,0,8,458,0,0,0,0,0,False,False,False
2014-09-11,0,26,32,0,8,8,0,8,21174,104,0,8,458,0,0,0,0,0,False,False,False
2014-09-12,0,26,32,0,8,8,0,8,21197,104,0,8,458,0,0,0,0,0,False,False,False
2014-09-13,0,25,32,0,8,8,0,8,21221,104,0,8,458,0,0,0,0,0,False,False,False
2014-09-14,0,26,32,0,8,8,0,8,21246,104,0,8,458,0,0,0,0,0,False,False,False
2014-09-15,0,25,32,0,8,8,0,8,21269,104,0,8,458,0,0,0,0,0,False,False,False
2014-09-16,0,26,32,0,8,8,0,8,21293,104,0,8,458,0,0,0,0,0,False,False,False
2014-09-17,0,25,32,0,8,8,0,8,21318,104,0,8,458,0,0,0,0,0,False,False,False
2014-09-18,0,26,32,0,8,8,0,8,21341,104,0,8,458,0,0,0,0,0,False,False,False
2014-09-19,0,26,32,0,8,8,0,8,21365,104,0,8,458,0,0,0,0,0,False,False,False
2014-09-20,0,26,32,0,8,8,0,8,21390,104,0,8,458,0,0,0,0,0,False,False,False
2014-09-21,0,26,32,0,8,8,0,8,21414,104,0,8,458,0,0,0,0,0,False,False,False
2014-09-22,0,25,32,0,8,8,0,8,21437,104,0,8,458,0,0,0,0,0,False,False,False
2014-09-23,0,25,32,0,8,8,0,8,21461,104,0,8,458,0,0,0,0,0,False,False,False
2014-09-24,0,24,32,0,8,8,0,8,21486,104,0,8,458,0,0,0,0,0,False,False,False
2014-09-25,0,24,32,0,8,8,0,8,21509,104,0,8,458,0,0,0,0,0,False,False,False
2014-09-26,0,23,32,0,8,8,0,8,21533,104,0,8,458,0,0,0,0,0,False,False,False
2014-09-27,0,23,32,0,8,8,0,8,21558,104,0,8,458,0,0,0,0,0,False,False,False
2014-09-28,0,23,32,0,8,8,0,8,21581,104,0,8,458,0,0,0,0,0,False,False,False
2014-09-29,0,23,32,0,8,8,0,8,21605,104,0,8,458,0,0,0,0,0,False,False,False
2014-09-30,0,24,32,0,8,8,0,8,21630,104,0,8,458,0,0,0,0,0,False,False,False
2014-10-01,0,25,32,0,8,8,0,8,21654,104,0,8,458,0,0,0,0,0,False,False,False
2014-10-02,0,24,32,0,8,8,0,8,21677,104,0,8,458,0,0,0,0,0,False,False,False
2014-10-03,0,24,32,0,8,8,0,8,21701,104,0,8,458,0,0,0,0,0,False,False,False
2014-10-04,0,24,32,0,8,8,0,8,21726,104,0,8,458,0,0,0,0,0,False,False,False
2014-10-05,0,24,32,0,8,8,0,8,21749,104,0,8,458,0,0,0,0,0,False,False,False
2014-10-06,0,24,32,0,8,8,0,8,21773,104,0,8,458,0,0,0,0,0,False,False,False
2014-10-07,0,24,32,0,8,8,0,8,21798,104,0,8,458,0,0,0,0,0,False,False,False
2014-10-08,0,24,32,0,8,8,0,8,21821,104,0,8,458,0,0,0,0,0,False,False,False
2014-10-09,0,24,32,0,8,8,0,8,21845,104,0,8,458,0,0,0,0,0,False,False,False
2014-10-10,0,24,32,0,8,8,0,8,21870,104,0,8,458,0,0,0,0,0,False,False,False
2014-10-11,0,24,32,0,8,8,0,8,21893,104,0,8,458,0,0,0,0,0,False,False,False
2014-10-12,0,24,32,0,8,8,0,8,21917,104,0,8,458,0,0,0,0,0,False,False,False
2014-10-13,0,24,32,0,8,8,0,8,21942,104,0,8,458,0,0,0,0,0,False,False,False
2014-10-14,0,23,32,0,8,8,0,8,21966,104,0,8,458,0,0,0,0,0,False,False,False
2014-10-15,0,23,32,0,8,8,0,8,21989,104,0,8,458,0,0,0,0,0,False,False,False
2014-10-16,0,23,32,0,8,8,0,8,22013,104,0,8,458,0,0,0,0,0,False,False,False
2014-10-17,0,23,32,0,8,8,0,8,22038,104,0,8,458,0,0,0,0,0,False,False,False
2014-10-18,0,23,32,0,8,8,0,8,22061,104,0,8,458,0,0,0,0,0,False,False,False
2014-10-19,0,22,32,0,8,8,0,8,22085,104,0,8,458,0,0,0,0,0,False,False,False
2014-10-20,0,23,32,0,8,8,0,8,22110,104,0,8,458,0,0,0,0,0,False,False,False
2014-10-21,0,22,32,0,8,8,0,8,22133,104,0,8,458,0,0,0,0,0,False,False,False
2014-10-22,0,23,32,0,8,8,0,8,22157,104,0,8,458,0,0,0,0,0,False,False,False
2014-10-23,0,23,32,1,8,8,0,8,22182,104,0,8,458,0,0,0,0,0,False,False,False
2014-10-24,0,23,32,0,8,8,0,8,22206,104,0,8,458,0,0,0,0,0,False,False,False
2014-10-25,0,23,32,0,8,8,0,8,22229,104,0,8,458,0,0,0,0,0,False,False,False
2014-10-26,0,22,32,0,8,8,0,8,22254,104,0,8,458,0,0,0,0,0,False,False,False
2014-10-27,0,23,32,0,8,8,0,8,22278,104,0,8,458,0,0,0,0,0,False,False,False
2014-10-28,0,23,32,0,8,8,0,8,22301,104,0,8,458,0,0,0,0,0,False,False,False
2014-10-29,0,23,32,0,8,8,0,8,22325,104,0,8,458,0,0,0,0,0,False,False,False
2014-10-30,0,23,32,0,8,8,0,8,22350,104,0,8,458,0,0,0,0,0,False,False,False
2014-10-31,0,23,32,0,8,8,0,8,22373,104,0,8,458,0,0,0,0,0,False,False,False
2014-11-01,0,22,32,0,8,8,0,8,22397,104,0,8,458,0,0,0,0,0,False,False,False
2014-11-03,0,22,32,0,8,8,0,8,22446,104,0,8,458,0,0,0,0,0,False,False,False
2014-11-04,0,22,32,0,8,8,0,8,22470,104,0,8,458,0,0,0,0,0,False,False,False
2014-11-05,0,27,32,0,8,8,0,8,22495,104,0,8,458,0,0,0,0,0,False,False,False
2014-11-06,0,23,32,0,8,8,0,8,22518,104,0,8,458,0,0,0,0,0,False,False,False
2014-11-07,0,23,32,0,8,8,0,8,22542,104,0,8,458,0,0,0,0,0,False,False,False
2014-11-08,0,23,32,0,8,8,0,8,22567,104,0,8,458,0,0,0,0,0,False,False,False
2014-11-09,0,23,32,0,8,8,0,8,22590,104,0,8,458,0,0,0,0,0,False,False,False
2014-11-10,0,23,32,0,8,8,0,8,22614,104,0,8,458,0,0,0,0,0,False,False,False
2014-11-11,0,23,32,0,8,8,0,8,22639,104,0,8,458,0,0,0,0,0,False,False,False
2014-11-12,0,23,32,0,8,8,0,8,22663,104,0,8,458,0,0,0,0,0,False,False,False
2014-11-13,0,23,32,0,8,8,0,8,22686,104,0,8,458,0,0,0,0,0,False,False,False
2014-11-14,0,22,32,0,8,8,0,8,22711,104,0,8,458,0,0,0,0,0,False,False,False
2014-11-15,0,22,32,0,8,8,0,8,22735,104,0,8,458,0,0,0,0,0,False,False,False
2014-11-16,0,22,32,0,8,8,0,8,22758,104,0,8,458,0,0,0,0,0,False,False,False
2014-11-17,0,23,32,0,8,8,0,8,22783,104,0,8,458,0,0,0,0,0,False,False,False
2014-11-18,0,22,32,0,8,8,0,8,22807,104,0,8,458,0,0,0,0,0,False,False,False
2014-11-19,0,23,32,0,8,8,0,8,22830,104,0,8,458,0,0,0,0,0,False,False,False
2014-11-20,0,23,32,0,8,8,0,8,22854,104,0,8,458,0,0,0,0,0,False,False,False
2014-11-21,0,23,32,0,8,8,0,8,22879,104,0,8,458,0,0,0,0,0,False,False,False
2014-11-22,0,22,32,0,8,8,0,8,22902,104,0,8,458,0,0,0,0,0,False,False,False
2014-11-23,0,23,32,0,8,8,0,8,22926,104,0,8,458,0,0,0,0,0,False,False,False
2014-11-24,0,23,32,0,8,8,0,8,22951,104,0,8,458,0,0,0,0,0,False,False,False
2014-11-25,0,23,32,0,8,8,0,8,22975,104,0,8,458,0,0,0,0,0,False,False,False
2014-11-26,0,23,32,0,8,8,0,8,22998,104,0,8,458,0,0,0,0,0,False,False,False
2014-11-27,0,23,32,0,8,8,0,8,23023,104,0,8,458,0,0,0,0,0,False,False,False
2014-11-28,0,23,32,0,8,8,0,8,23047,104,0,8,458,0,0,0,0,0,False,False,False
2014-11-29,0,23,32,0,8,8,0,8,23070,104,0,8,458,0,0,0,0,0,False,False,False
2014-11-30,0,23,32,0,8,8,0,8,23095,104,0,8,458,0,0,0,0,0,False,False,False
2014-12-01,0,23,32,0,8,8,0,8,23119,104,0,8,458,0,0,0,0,0,False,False,False
2014-12-02,0,23,32,0,8,8,0,8,23142,104,0,8,458,0,0,0,0,0,False,False,False
2014-12-03,0,23,32,0,8,8,0,8,23166,104,0,8,458,0,0,0,0,0,False,False,False
2014-12-04,0,23,32,0,8,8,0,8,23191,104,0,8,458,0,0,0,0,0,False,False,False
2014-12-05,0,22,32,0,8,8,0,8,23215,104,0,8,458,0,0,0,0,0,False,False,False
2014-12-06,0,23,32,1,8,8,0,8,23238,104,0,8,458,0,0,0,0,0,False,False,False
2014-12-07,0,23,32,0,8,8,0,8,23263,104,0,8,458,0,0,0,0,0,False,False,False
2014-12-08,0,23,32,0,8,8,0,8,23287,104,0,8,458,0,0,0,0,0,False,False,False
2014-12-09,0,23,32,0,8,8,0,8,23310,104,0,8,458,0,0,0,0,0,False,False,False
2014-12-10,0,23,32,0,8,8,0,8,23335,104,0,8,458,0,0,0,0,0,False,False,False
2014-12-11,0,23,32,0,8,8,0,8,23359,104,0,8,458,0,0,0,0,0,False,False,False
2014-12-12,0,23,32,0,8,8,0,8,23382,104,0,8,458,0,0,0,0,0,False,False,False
2014-12-13,0,24,32,0,8,8,0,8,23406,104,0,8,458,0,0,0,0,0,False,False,False
2014-12-14,0,22,32,0,8,8,0,8,23431,104,0,8,458,0,0,0,0,0,False,False,False
2014-12-15,0,23,32,0,8,8,0,8,23455,104,0,8,458,0,0,0,0,0,False,False,False
2014-12-16,0,23,32,0,8,8,0,8,23478,104,0,8,458,0,0,0,0,0,False,False,False
2014-12-17,0,23,32,0,8,8,0,8,23503,104,0,8,458,0,0,0,0,0,False,False,False
2014-12-18,0,23,32,0,8,8,0,8,23527,104,0,8,458,0,0,0,0,0,False,False,False
2014-12-19,0,23,32,0,8,8,0,8,23550,104,0,8,458,0,0,0,0,0,False,False,False
2014-12-20,0,23,32,0,8,8,0,8,23575,104,0,8,458,0,0,0,0,0,False,False,False
2014-12-21,0,24,32,0,8,8,0,8,23599,104,0,8,458,0,0,0,0,0,False,False,False
2014-12-22,0,23,32,0,8,8,0,8,23622,104,0,8,458,0,0,0,0,0,False,False,False
2014-12-23,0,23,32,131072,8,8,0,8,23646,104,0,8,458,0,0,0,0,0,False,False,False
2014-12-24,0,23,32,0,8,8,0,8,23671,104,0,8,458,0,0,0,0,0,False,False,False
2014-12-25,0,22,32,0,8,8,0,8,23694,104,0,8,458,0,0,0,0,0,False,False,False
2014-12-26,0,23,32,0,8,8,0,8,23718,104,0,8,458,0,0,0,0,0,False,False,False
2014-12-27,0,22,32,0,8,8,0,8,23743,104,0,8,458,0,0,0,0,0,False,False,False
2014-12-28,0,23,32,0,8,8,0,8,23767,104,0,8,458,0,0,0,0,0,False,False,False
2014-12-29,0,23,32,0,8,8,0,8,23790,104,0,8,458,0,0,0,0,0,False,False,False
2014-12-30,0,23,32,0,8,8,0,8,23815,104,0,8,458,0,0,0,0,0,False,False,False
2014-12-31,0,23,32,0,8,8,0,8,23839,104,0,8,458,0,0,0,0,0,False,False,False
2015-01-01,0,23,32,0,8,8,0,8,23862,104,0,8,458,0,0,0,0,0,False,False,False
2015-01-02,0,23,32,0,8,8,0,8,23886,104,0,8,458,0,0,0,0,0,False,False,False
2015-01-03,0,23,32,0,8,8,0,8,23911,104,0,8,458,0,0,0,0,0,False,False,False
2015-01-04,0,23,32,0,8,8,0,8,23934,104,0,8,458,0,0,0,0,0,False,False,False
2015-01-05,0,23,32,1,8,8,0,8,23958,104,0,8,458,0,0,0,0,0,False,False,False
2015-01-06,0,23,32,0,8,8,0,8,23983,104,0,8,458,0,0,0,0,0,False,False,False
2015-01-07,0,23,32,0,8,8,0,8,24007,104,0,8,458,0,0,0,0,0,False,False,False
2015-01-08,0,23,32,0,8,8,0,8,24030,104,0,8,458,0,0,0,0,0,False,False,False
2015-01-09,0,23,32,0,8,8,0,8,24055,104,0,8,458,0,0,0,0,0,False,False,False
2015-01-10,0,22,32,0,8,8,0,8,24079,104,0,8,458,0,0,0,0,0,False,False,False
2015-01-11,0,23,32,0,8,8,0,8,24102,104,0,8,458,0,0,0,0,0,False,False,False
2015-01-12,0,22,32,0,8,8,0,8,24127,104,0,8,458,0,0,0,0,0,False,False,False
2015-01-13,0,23,32,0,8,8,0,8,24151,104,0,8,458,0,0,0,0,0,False,False,False
2015-01-14,0,23,32,0,8,8,0,8,24174,104,0,8,458,0,0,0,0,0,False,False,False
2015-01-15,0,23,32,0,8,8,0,8,24198,104,0,8,458,0,0,0,0,0,False,False,False
2015-01-16,0,23,32,0,8,8,0,8,24223,104,0,8,458,0,0,0,0,0,False,False,False
2015-01-17,0,23,32,0,8,8,0,8,24247,104,0,8,458,0,0,0,0,0,False,False,False
2015-01-18,0,23,32,0,8,8,0,8,24270,104,0,8,458,0,0,0,0,0,False,False,False
2015-01-19,0,22,32,0,8,8,0,8,24295,104,0,8,458,0,0,0,0,0,False,False,False
2015-01-20,0,23,32,0,8,8,0,8,24319,104,0,8,458,0,0,0,0,0,False,False,False
2015-01-21,0,23,32,0,8,8,0,8,24342,104,0,8,458,0,0,0,0,0,False,False,False
2015-01-22,0,22,32,0,8,8,0,8,24367,104,0,8,458,0,0,0,0,0,False,False,False
2015-01-23,0,23,32,0,8,8,0,8,24391,104,0,8,458,0,0,0,0,0,False,False,False
2015-01-24,0,23,32,0,8,8,0,8,24414,104,0,8,458,0,0,0,0,0,False,False,False
2015-01-25,0,22,32,0,8,8,0,8,24439,104,0,8,458,0,0,0,0,0,False,False,False
2015-01-26,0,22,32,0,8,8,0,8,24463,104,0,8,458,0,0,0,0,0,False,False,False
2015-01-27,0,22,32,0,8,8,0,8,24486,104,0,8,458,0,0,0,0,0,False,False,False
2015-01-28,0,22,32,0,8,8,0,8,24510,104,0,8,458,0,0,0,0,0,False,False,False
2015-01-29,0,23,32,0,8,8,0,8,24535,104,0,8,458,0,0,0,0,0,False,False,False
2015-01-30,0,23,32,0,8,8,0,8,24559,104,0,8,458,0,0,0,0,0,False,False,False
2015-01-31,0,24,32,0,8,8,0,8,24582,104,0,8,458,0,0,0,0,0,False,False,False
2015-02-01,0,23,32,0,8,8,0,8,24607,104,0,8,458,0,0,0,0,0,False,False,False
2015-02-02,0,23,32,0,8,8,0,8,24631,104,0,8,458,0,0,0,0,0,False,False,False
2015-02-03,0,23,32,0,8,8,0,8,24654,104,0,8,458,0,0,0,0,0,False,False,False
2015-02-04,0,23,32,0,8,8,0,8,24678,104,0,8,458,0,0,0,0,0,False,False,False
2015-02-05,0,23,32,0,8,8,0,8,24703,104,0,8,458,0,0,0,0,0,False,False,False
2015-02-06,0,23,32,0,8,8,0,8,24726,104,0,8,458,0,0,0,0,0,False,False,False
2015-02-07,0,23,32,0,8,8,0,8,24750,104,0,8,458,0,0,0,0,0,False,False,False
2015-02-08,0,24,32,0,8,8,0,8,24775,104,0,8,458,0,0,0,0,0,False,False,False
2015-02-09,0,24,32,0,8,8,0,8,24799,104,0,8,458,0,0,0,0,0,False,False,False
2015-02-10,0,23,32,0,8,8,0,8,24822,104,0,8,458,0,0,0,0,0,False,False,False
2015-02-11,0,23,32,0,8,8,0,8,24847,104,0,8,458,0,0,0,0,0,False,False,False
2015-02-12,0,23,32,0,8,8,0,8,24871,104,0,8,458,0,0,0,0,0,False,False,False
2015-02-13,0,23,32,0,8,8,0,8,24894,104,0,8,458,0,0,0,0,0,False,False,False
2015-02-14,0,23,32,0,8,8,0,8,24919,104,0,8,458,0,0,0,0,0,False,False,False
2015-02-15,0,23,32,0,8,8,0,8,24943,104,0,8,458,0,0,0,0,0,False,False,False
2015-02-16,0,23,32,0,8,8,0,8,24966,104,0,8,458,0,0,0,0,0,False,False,False
2015-02-17,0,23,32,0,8,8,0,8,24991,104,0,8,458,0,0,0,0,0,False,False,False
2015-02-18,0,22,32,0,8,8,0,8,25015,104,0,8,458,0,0,0,0,0,False,False,False
2015-02-19,0,23,32,0,8,8,0,8,25039,104,0,8,458,0,0,0,0,0,False,False,False
2015-02-20,0,23,32,0,8,8,0,8,25062,104,0,8,458,0,0,0,0,0,False,False,False
2015-02-21,0,23,32,0,8,8,0,8,25087,104,0,8,458,0,0,0,0,0,False,False,False
2015-02-22,0,23,32,0,8,8,0,8,25111,104,0,8,458,0,0,0,0,0,False,False,False
2015-02-23,0,23,32,0,8,8,0,8,25134,104,0,8,458,0,0,0,0,0,False,False,False
2015-02-24,0,23,32,0,8,8,0,8,25158,104,0,8,458,0,0,0,0,0,False,False,False
2015-02-25,0,23,32,0,8,8,0,8,25183,104,0,8,458,0,0,0,0,0,False,False,False
2015-02-26,0,23,32,0,8,8,0,8,25207,104,0,8,458,0,0,0,0,0,False,False,False
2015-02-27,0,23,32,0,8,8,0,8,25230,104,0,8,458,0,0,0,0,0,False,False,False
2015-02-28,0,24,32,0,8,8,0,8,25255,104,0,8,458,0,0,0,0,0,False,False,False
2015-03-01,0,23,32,0,8,8,0,8,25279,104,0,8,458,0,0,0,0,0,False,False,False
2015-03-02,0,23,32,0,8,8,0,8,25302,104,0,8,458,0,0,0,0,0,False,False,False
2015-03-03,0,24,32,0,8,8,0,8,25327,104,0,8,458,0,0,0,0,0,False,False,False
2015-03-04,0,24,32,0,8,8,0,8,25351,104,0,8,458,0,0,0,0,0,False,False,False
2015-03-05,0,23,32,0,8,8,0,8,25375,104,0,8,458,0,0,0,0,0,False,False,False
2015-03-06,0,23,32,0,8,8,0,8,25398,104,0,8,458,0,0,0,0,0,False,False,False
2015-03-07,0,23,32,0,8,8,0,8,25423,104,0,8,458,0,0,0,0,0,False,False,False
2015-03-08,0,23,32,0,8,8,0,8,25447,104,0,8,458,0,0,0,0,0,False,False,False
2015-03-09,0,23,32,0,8,8,0,8,25470,104,0,8,458,0,0,0,0,0,False,False,False
2015-03-10,0,24,32,0,8,8,0,8,25493,104,0,8,458,0,0,0,0,0,False,False,False
2015-03-11,0,24,32,0,8,8,0,8,25518,104,0,8,458,0,0,0,0,0,False,False,False
2015-03-12,0,23,32,0,8,8,0,8,25542,104,0,8,458,0,0,0,0,0,False,False,False
2015-03-13,0,24,32,0,8,8,0,8,25565,104,0,8,458,0,0,0,0,0,False,False,False
2015-03-14,0,24,32,0,8,8,0,8,25590,104,0,8,458,0,0,0,0,0,False,False,False
2015-03-15,0,24,32,0,8,8,0,8,25614,104,0,8,458,0,0,0,0,0,False,False,False
2015-03-16,0,23,32,0,8,8,0,8,25637,104,0,8,458,0,0,0,0,0,False,False,False
2015-03-17,0,23,32,0,8,8,0,8,25661,104,0,8,458,0,0,0,0,0,False,False,False
2015-03-18,0,24,32,0,8,8,0,8,25686,104,0,8,458,0,0,0,0,0,False,False,False
2015-03-19,0,25,32,0,8,8,0,8,25710,104,0,8,458,0,0,0,0,0,False,False,False
2015-03-20,0,25,32,0,8,8,0,8,25733,104,0,8,458,0,0,0,0,0,False,False,False
2015-03-21,0,24,32,0,8,8,0,8,25758,104,0,8,458,0,0,0,0,0,False,False,False
2015-03-22,0,25,32,0,8,8,0,8,25782,104,0,8,458,0,0,0,0,0,False,False,False
2015-03-23,0,24,32,0,8,8,0,8,25805,104,0,8,458,0,0,0,0,0,False,False,False
2015-03-24,0,24,32,0,8,8,0,8,25830,104,0,8,458,0,0,0,0,0,False,False,False
2015-03-25,0,25,32,0,8,8,0,8,25854,104,0,8,458,0,0,0,0,0,False,False,False
2015-03-26,0,25,32,0,8,8,0,8,25877,104,0,8,458,0,0,0,0,0,False,False,False
2015-03-27,0,25,32,0,8,8,0,8,25901,104,0,8,458,0,0,0,0,0,False,False,False
2015-03-28,0,25,32,0,8,8,0,8,25926,104,0,8,458,0,0,0,0,0,False,False,False
2015-03-29,0,24,32,0,8,8,0,8,25950,104,0,8,458,0,0,0,0,0,False,False,False
2015-03-30,0,25,32,1,8,8,0,8,25973,104,0,8,458,0,0,0,0,0,False,False,False
2015-03-31,0,25,32,0,8,8,0,8,25998,104,0,8,458,0,0,0,0,0,False,False,False
2015-04-01,0,25,32,0,9,9,0,9,26022,104,0,9,458,0,0,0,0,0,False,False,False
2015-04-02,0,24,32,0,9,9,0,9,26045,103,0,9,458,0,0,0,0,0,False,False,False
2015-04-03,0,25,32,0,9,9,0,9,26069,103,0,9,458,0,0,0,0,0,False,False,False
2015-04-04,0,25,32,0,9,9,0,9,26094,103,0,9,458,0,0,0,0,0,False,False,False
2015-04-05,0,25,32,0,9,9,0,9,26118,103,0,9,458,0,0,0,0,0,False,False,False
2015-04-06,0,25,32,0,9,9,0,9,26141,103,0,9,458,0,0,0,0,0,False,False,False
2015-04-07,0,25,32,0,9,9,0,9,26166,103,0,9,458,0,0,0,0,0,False,False,False
2015-04-08,0,26,32,0,9,9,0,9,26190,103,0,9,458,0,0,0,0,0,False,False,False
2015-04-09,0,26,32,0,9,9,0,9,26213,103,0,9,458,0,0,0,0,0,False,False,False
2015-04-10,0,26,32,65536,9,9,0,9,26238,103,0,9,458,0,0,0,0,0,False,False,False
2015-04-11,0,25,32,0,9,9,0,9,26262,103,0,9,458,0,0,0,0,0,False,False,False
2015-04-12,0,24,32,0,9,9,0,9,26285,103,0,9,458,0,0,0,0,0,False,False,False
2015-04-13,0,25,32,0,9,9,0,9,26309,103,0,9,458,0,0,0,0,0,False,False,False
2015-04-14,0,24,32,0,9,9,0,9,26334,103,0,9,458,0,0,0,0,0,False,False,False
2015-04-15,0,25,32,0,9,9,0,9,26358,103,0,9,458,0,0,0,0,0,False,False,False
2015-04-16,0,25,32,1,9,9,0,9,26381,103,0,9,458,0,0,0,0,0,False,False,False
2015-04-17,0,25,32,0,9,9,0,9,26406,103,0,9,458,0,0,0,0,0,False,False,False
2015-04-18,0,23,32,0,9,9,0,9,26430,103,0,9,458,0,0,0,0,0,False,False,False
2015-04-19,0,26,32,1,9,9,0,9,26453,103,0,9,458,0,0,0,0,0,False,False,False
2015-04-20,0,26,32,0,9,9,0,9,26477,103,0,9,458,0,0,0,0,0,False,False,False
2015-04-21,0,26,32,0,9,9,0,9,26502,103,0,9,458,0,0,0,0,0,False,False,False
2015-04-22,0,27,32,0,9,9,0,9,26525,103,0,9,458,0,0,0,0,0,False,False,False
2015-04-23,0,27,32,0,9,9,0,9,26550,103,0,9,458,0,0,0,0,0,False,False,False
2015-04-24,0,26,32,0,9,9,0,9,26574,103,0,9,458,0,0,0,0,0,False,False,False
2015-04-25,0,26,32,0,9,9,0,9,26597,103,0,9,458,0,0,0,0,0,False,False,False
2015-04-26,0,26,32,0,9,9,0,9,26621,103,0,9,458,0,0,0,0,0,False,False,False
2015-04-27,0,26,32,0,9,9,0,9,26646,103,0,9,458,0,0,0,0,0,False,False,False
2015-04-28,0,26,32,0,9,9,0,9,26670,103,0,9,458,0,0,0,0,0,False,False,False
2015-04-29,0,28,32,0,9,9,0,9,26693,103,0,9,458,0,0,0,0,0,False,False,False
2015-04-30,0,28,32,0,9,9,0,9,26718,103,0,9,458,0,0,0,0,0,False,False,False
2015-05-01,0,27,32,0,9,9,0,9,26742,103,0,9,458,0,0,0,0,0,False,False,False
2015-05-02,0,27,32,0,9,9,0,9,26765,103,0,9,458,0,0,0,0,0,False,False,False
2015-05-03,0,27,32,0,9,9,0,9,26789,103,0,9,458,0,0,0,0,0,False,False,False
2015-05-04,0,27,32,0,9,9,0,9,26814,103,0,9,458,0,0,0,0,0,False,False,False
2015-05-05,0,27,32,0,9,9,0,9,26838,103,0,9,458,0,0,0,0,0,False,False,False
2015-05-06,0,27,32,0,9,9,0,9,26861,103,0,9,458,0,0,0,0,0,False,False,False
2015-05-07,0,27,32,0,9,9,0,9,26886,103,0,9,458,0,0,0,0,0,False,False,False
2015-05-08,0,29,32,0,9,9,0,9,26910,103,0,9,458,0,0,0,0,0,False,False,False
2015-05-09,0,28,32,0,9,9,0,9,26933,103,0,9,458,0,0,0,0,0,False,False,False
2015-05-10,0,28,32,0,9,9,0,9,26958,103,0,9,458,0,0,0,0,0,False,False,False
2015-05-11,0,28,32,0,9,9,0,9,26982,103,0,9,458,0,0,0,0,0,False,False,False
2015-05-12,0,29,32,0,9,9,0,9,27005,103,0,9,458,0,0,0,0,0,False,False,False
2015-05-13,0,29,32,0,9,9,0,9,27030,103,0,9,458,0,0,0,0,0,False,False,False
2015-05-14,0,29,32,0,9,9,0,9,27054,103,0,9,458,0,0,0,0,0,False,False,False
2015-05-15,0,28,32,0,9,9,0,9,27077,103,0,9,458,0,0,0,0,0,False,False,False
2015-05-16,0,29,32,0,9,9,0,9,27101,103,0,9,458,0,0,0,0,0,False,False,False
2015-05-17,0,28,32,0,9,9,0,9,27126,103,0,9,458,0,0,0,0,0,False,False,False
2015-05-18,0,29,32,0,9,9,0,9,27150,103,0,9,458,0,0,0,0,0,False,False,False
2015-05-19,0,29,32,0,9,9,0,9,27173,103,0,9,458,0,0,0,0,0,False,False,False
2015-05-20,0,28,32,0,9,9,0,9,27198,103,0,9,458,0,0,0,0,0,False,False,False
2015-05-21,0,29,32,0,9,9,0,9,27222,103,0,9,458,0,0,0,0,0,False,False,False
2015-05-22,0,31,32,1,9,9,0,9,27245,103,0,9,458,0,0,0,0,0,False,False,False
2015-05-23,0,29,32,0,9,9,0,9,27269,103,0,9,458,0,0,0,0,0,False,False,False
2015-05-24,0,30,32,0,9,9,0,9,27294,103,0,9,458,0,0,0,0,0,False,False,False
2015-05-25,0,29,32,0,9,9,0,9,27317,103,0,9,458,0,0,0,0,0,False,False,False
2015-05-26,0,29,32,0,9,9,0,9,27341,103,0,9,458,0,0,0,0,0,False,False,False
2015-05-27,0,28,32,0,9,9,0,9,27366,103,0,9,458,0,0,0,0,0,False,False,False
2015-05-28,0,29,32,0,9,9,0,9,27390,103,0,9,458,0,0,0,0,0,False,False,False
2015-05-29,0,28,32,0,9,9,0,9,27413,103,0,9,458,0,0,0,0,0,False,False,False
2015-05-30,0,29,32,0,9,9,0,9,27438,103,0,9,458,0,0,0,0,0,False,False,False
2015-05-31,0,29,32,0,9,9,0,9,27462,103,0,9,458,0,0,0,0,0,False,False,False
2015-06-01,0,29,32,0,9,9,0,9,27485,103,0,9,458,0,0,0,0,0,False,False,False
2015-06-02,0,29,32,0,9,9,0,9,27510,103,0,9,458,0,0,0,0,0,False,False,False
2015-06-03,0,29,32,0,9,9,0,9,27534,103,0,9,458,0,0,0,0,0,False,False,False
2015-06-04,0,25,32,0,9,9,0,9,27557,103,0,9,458,0,0,0,0,0,False,False,False
2015-06-05,0,28,32,0,9,9,0,9,27581,103,0,9,458,0,0,0,0,0,False,False,False
2015-06-06,0,27,32,0,9,9,0,9,27606,103,0,9,458,0,0,0,0,0,False,False,False
2015-06-07,0,27,32,0,9,9,0,9,27630,103,0,9,458,0,0,0,0,0,False,False,False
2015-06-08,0,27,32,0,9,9,0,9,27653,103,0,9,458,0,0,0,0,0,False,False,False
2015-06-09,0,27,32,0,9,9,0,9,27678,103,0,9,458,0,0,0,0,0,False,False,False
2015-06-10,0,27,32,0,9,9,0,9,27702,103,0,9,458,0,0,0,0,0,False,False,False
2015-06-11,0,29,32,0,9,9,0,9,27725,103,0,9,458,0,0,0,0,0,False,False,False
2015-06-12,0,27,32,0,9,9,0,9,27750,103,0,9,458,0,0,0,0,0,False,False,False
2015-06-13,0,27,32,0,9,9,0,9,27774,103,0,9,458,0,0,0,0,0,False,False,False
2015-06-14,0,28,32,0,9,9,0,9,27797,103,0,9,458,0,0,0,0,0,False,False,False
2015-06-15,0,27,32,0,9,9,0,9,27822,103,0,9,458,0,0,0,0,0,False,False,False
2015-06-16,0,27,32,0,9,9,0,9,27846,103,0,9,458,0,0,0,0,0,False,False,False
2015-06-17,0,27,32,0,9,9,0,9,27869,103,0,9,458,0,0,0,0,0,False,False,False
2015-06-18,0,27,32,0,9,9,0,9,27893,103,0,9,458,0,0,0,0,0,False,False,False
2015-06-19,0,27,32,0,9,9,0,9,27918,103,0,9,458,0,0,0,0,0,False,False,False
2015-06-20,0,27,32,0,9,9,0,9,27942,103,0,9,458,0,0,0,0,0,False,False,False
2015-06-21,0,27,32,0,9,9,0,9,27965,103,0,9,458,0,0,0,0,0,False,False,False
2015-06-22,0,27,32,0,9,9,0,9,27990,103,0,9,458,0,0,0,0,0,False,False,False
2015-06-23,0,27,32,0,9,9,0,9,28014,103,0,9,458,0,0,0,0,0,False,False,False
2015-06-24,0,27,32,0,9,9,0,9,28037,103,0,9,458,0,0,0,0,0,False,False,False
2015-06-25,0,27,32,0,9,9,0,9,28061,103,0,9,458,0,0,0,0,0,False,False,False
2015-06-26,0,27,32,0,9,9,0,9,28086,103,0,9,458,0,0,0,0,0,False,False,False
2015-06-27,0,27,32,0,9,9,0,9,28109,103,0,9,458,0,0,0,0,0,False,False,False
2015-06-28,0,27,32,0,9,9,0,9,28134,103,0,9,458,0,0,0,0,0,False,False,False
2015-06-29,0,28,32,65536,9,9,0,9,28158,103,0,9,458,0,0,0,0,0,False,False,False
2015-06-30,0,27,32,0,9,9,0,9,28182,103,0,9,458,0,0,0,0,0,False,False,False
2015-07-01,0,27,32,0,9,9,0,9,28205,103,0,9,458,0,0,0,0,0,False,False,False
2015-07-02,0,27,32,0,9,9,0,9,28230,103,0,9,458,0,0,0,0,0,False,False,False
2015-07-03,0,27,32,0,9,9,0,9,28254,103,0,9,458,0,0,0,0,0,False,False,False
2015-07-04,0,27,32,0,9,9,0,9,28277,103,0,9,458,0,0,0,0,0,False,False,False
2015-07-05,0,27,32,0,9,9,0,9,28301,103,0,9,458,0,0,0,0,0,False,False,False
2015-07-06,0,27,32,0,9,9,0,9,28326,103,0,9,458,0,0,0,0,0,False,False,False
2015-07-07,0,27,32,0,9,9,0,9,28349,103,0,9,458,0,0,0,0,0,False,False,False
2015-07-08,0,27,32,1,9,9,0,9,28373,103,0,9,458,0,0,0,0,0,False,False,False
2015-07-09,0,28,32,0,9,9,0,9,28398,103,0,9,458,0,0,0,0,0,False,False,False
2015-07-10,0,27,32,0,9,9,0,9,28422,103,0,9,458,0,0,0,0,0,False,False,False
2015-07-11,0,27,32,0,9,9,0,9,28445,103,0,9,458,0,0,0,0,0,False,False,False
2015-07-12,0,26,32,0,9,9,0,9,28470,103,0,9,458,0,0,0,0,0,False,False,False
2015-07-13,0,27,32,0,9,9,0,9,28494,103,0,9,458,0,0,0,0,0,False,False,False
2015-07-14,0,26,32,0,9,9,0,9,28517,103,0,9,458,0,0,0,0,0,False,False,False
2015-07-15,0,27,32,0,9,9,0,9,28542,103,0,9,458,0,0,0,0,0,False,False,False
2015-07-16,0,28,32,0,9,9,0,9,28566,103,0,9,458,0,0,0,0,0,False,False,False
2015-07-17,0,28,32,0,9,9,0,9,28589,103,0,9,458,0,0,0,0,0,False,False,False
2015-07-18,0,28,32,0,9,9,0,9,28614,103,0,9,458,0,0,0,0,0,False,False,False
2015-07-19,0,27,32,0,9,9,0,9,28638,103,0,9,458,0,0,0,0,0,False,False,False
2015-07-20,0,28,32,0,9,9,0,9,28662,103,0,9,458,0,0,0,0,0,False,False,False
2015-07-21,0,28,32,0,9,9,0,9,28685,103,0,9,458,0,0,0,0,0,False,False,False
2015-07-22,0,28,32,0,9,9,0,9,28709,103,0,9,458,0,0,0,0,0,False,False,False
2015-07-23,0,29,32,0,9,9,0,9,28734,103,0,9,458,0,0,0,0,0,False,False,False
2015-07-24,0,29,32,0,9,9,0,9,28758,103,0,9,458,0,0,0,0,0,False,False,False
2015-07-25,0,27,32,0,9,9,0,9,28781,103,0,9,458,0,0,0,0,0,False,False,False
2015-07-26,0,27,32,0,9,9,0,9,28806,103,0,9,458,0,0,0,0,0,False,False,False
2015-07-27,0,27,32,0,9,9,0,9,28830,103,0,9,458,0,0,0,0,0,False,False,False
2015-07-28,0,27,32,0,9,9,0,9,28853,103,0,9,458,0,0,0,0,0,False,False,False
2015-07-29,0,27,32,0,9,9,0,9,28877,103,0,9,458,0,0,0,0,0,False,False,False
2015-07-30,0,27,32,0,9,9,0,9,28902,103,0,9,458,0,0,0,0,0,False,False,False
2015-07-31,0,27,32,0,9,9,0,9,28926,103,0,9,458,0,0,0,0,0,False,False,False
2015-08-01,0,27,32,0,9,9,0,9,28949,103,0,9,458,0,0,0,0,0,False,False,False
2015-08-02,0,27,32,0,9,9,0,9,28974,103,0,9,458,0,0,0,0,0,False,False,False
2015-08-03,0,27,32,0,9,9,0,9,28998,103,0,9,458,0,0,0,0,0,False,False,False
2015-08-04,0,27,32,0,9,9,0,9,29021,103,0,9,458,0,0,0,0,0,False,False,False
2015-08-05,0,27,32,0,9,9,0,9,29046,103,0,9,458,0,0,0,0,0,False,False,False
2015-08-06,0,27,32,0,9,9,0,9,29070,103,0,9,458,0,0,0,0,0,False,False,False
2015-08-07,0,27,32,0,9,9,0,9,29093,103,0,9,458,0,0,0,0,0,False,False,False
2015-08-08,0,26,32,0,9,9,0,9,29117,103,0,9,458,0,0,0,0,0,False,False,False
2015-08-09,0,26,32,0,9,9,0,9,29142,103,0,9,458,0,0,0,0,0,False,False,False
2015-08-10,0,27,32,0,9,9,0,9,29166,103,0,9,458,0,0,0,0,0,False,False,False
2015-08-11,0,26,32,0,9,9,0,9,29190,103,0,9,458,0,0,0,0,0,False,False,False
2015-08-12,0,27,32,0,9,9,0,9,29213,103,0,9,458,0,0,0,0,0,False,False,False
2015-08-13,0,27,32,0,9,9,0,9,29238,103,0,9,458,0,0,0,0,0,False,False,False
2015-08-14,0,26,32,0,9,9,0,9,29262,103,0,9,458,0,0,0,0,0,False,False,False
2015-08-15,0,27,32,0,9,9,0,9,29286,103,0,9,458,0,0,0,0,0,False,False,False
2015-08-16,0,27,32,0,9,9,0,9,29309,103,0,9,458,0,0,0,0,0,False,False,False
2015-08-17,0,27,32,0,9,9,0,9,29334,103,0,9,458,0,0,0,0,0,False,False,False
2015-08-18,0,28,32,0,9,9,0,9,29358,103,0,9,458,0,0,0,0,0,False,False,False
2015-08-19,0,27,32,0,9,9,0,9,29381,103,0,9,458,0,0,0,0,0,False,False,False
2015-08-20,0,28,32,0,9,9,0,9,29406,103,0,9,458,0,0,0,0,0,False,False,False
2015-08-21,0,27,32,0,9,9,0,9,29430,103,0,9,458,0,0,0,0,0,False,False,False
2015-08-22,0,27,32,0,9,9,0,9,29454,103,0,9,458,0,0,0,0,0,False,False,False
2015-08-23,0,27,32,0,9,9,0,9,29477,103,0,9,458,0,0,0,0,0,False,False,False
2015-08-24,0,27,32,0,9,9,0,9,29502,103,0,9,458,0,0,0,0,0,False,False,False
2015-08-25,0,27,32,0,9,9,0,9,29526,103,0,9,458,0,0,0,0,0,False,False,False
2015-08-26,0,27,32,0,9,9,0,9,29549,103,0,9,458,0,0,0,0,0,False,False,False
2015-08-27,0,27,32,0,9,9,0,9,29574,103,0,9,458,0,0,0,0,0,False,False,False
2015-08-28,0,27,32,0,9,9,0,9,29598,103,0,9,458,0,0,0,0,0,False,False,False
2015-08-29,0,27,32,0,9,9,0,9,29621,103,0,9,458,0,0,0,0,0,False,False,False
2015-08-30,0,27,32,0,9,9,0,9,29645,103,0,9,458,0,0,0,0,0,False,False,False
2015-08-31,0,27,32,0,9,9,0,9,29670,103,0,9,458,0,0,0,0,0,False,False,False
2015-09-01,0,27,32,0,9,9,0,9,29694,103,0,9,458,0,0,0,0,0,False,False,False
2015-09-02,0,27,32,0,9,9,0,9,29717,103,0,9,458,0,0,0,0,0,False,False,False
2015-09-03,0,27,32,0,9,9,0,9,29742,103,0,9,458,0,0,0,0,0,False,False,False
2015-09-04,0,28,32,0,9,9,0,9,29766,103,0,9,458,0,0,0,0,0,False,False,False
2015-09-05,0,27,32,0,9,9,0,9,29789,103,0,9,458,0,0,0,0,0,False,False,False
2015-09-06,0,27,32,0,9,9,0,9,29814,103,0,9,458,0,0,0,0,0,False,False,False
2015-09-07,0,27,32,0,9,9,0,9,29838,103,0,9,458,0,0,0,0,0,False,False,False
2015-09-08,0,27,32,0,9,9,0,9,29861,103,0,9,458,0,0,0,0,0,False,False,False
2015-09-09,0,27,32,0,9,9,0,9,29885,103,0,9,458,0,0,0,0,0,False,False,False
2015-09-10,0,27,32,0,9,9,0,9,29910,103,0,9,458,0,0,0,0,0,False,False,False
2015-09-11,0,27,32,0,9,9,0,9,29934,103,0,9,458,0,0,0,0,0,False,False,False
2015-09-12,0,27,32,0,9,9,0,9,29957,103,0,9,458,0,0,0,0,0,False,False,False
2015-09-13,0,27,32,0,9,9,0,9,29982,103,0,9,458,0,0,0,0,0,False,False,False
2015-09-14,0,27,32,0,9,9,0,9,30006,103,0,9,458,0,0,0,0,0,False,False,False
2015-09-15,0,27,32,0,9,9,0,9,30029,103,0,9,458,0,0,0,0,0,False,False,False
2015-09-16,0,27,32,0,9,9,0,9,30054,103,0,9,458,0,0,0,0,0,False,False,False
2015-09-17,0,28,32,0,9,9,0,9,30078,103,0,9,458,0,0,0,0,0,False,False,False
2015-09-18,0,27,32,0,9,9,0,9,30101,103,0,9,458,0,0,0,0,0,False,False,False
2015-09-19,0,27,32,0,9,9,0,9,30125,103,0,9,458,0,0,0,0,0,False,False,False
2015-09-20,0,27,32,0,9,9,0,9,30150,103,0,9,458,0,0,0,0,0,False,False,False
2015-09-21,0,27,32,0,9,9,0,9,30174,103,0,9,458,0,0,0,0,0,False,False,False
2015-09-22,0,27,32,0,9,9,0,9,30197,103,0,9,458,0,0,0,0,0,False,False,False
2015-09-23,0,27,32,0,9,9,0,9,30222,103,0,9,458,0,0,0,0,0,False,False,False
2015-09-24,0,28,32,0,9,9,0,9,30246,103,0,9,458,0,0,0,0,0,False,False,False
2015-09-25,0,27,32,0,10,10,0,10,30269,104,0,10,562,0,0,0,0,0,False,False,False
2015-09-26,0,27,32,0,10,10,0,10,30293,104,0,10,562,0,0,0,0,0,False,False,False
2015-09-27,0,27,32,0,10,10,0,10,30318,104,0,10,562,0,0,0,0,0,False,False,False
2015-09-28,0,27,32,0,10,10,0,10,30342,104,0,10,562,0,0,0,0,0,False,False,False
2015-09-29,0,28,32,0,10,10,0,10,30365,104,0,10,562,0,0,0,0,0,False,False,False
2015-09-30,0,27,32,0,10,10,0,10,30390,104,0,10,562,0,0,0,0,0,False,False,False
2015-10-01,0,28,32,0,10,10,0,10,30414,104,0,10,562,0,0,0,0,0,False,False,False
2015-10-02,0,27,32,0,10,10,0,10,30437,104,0,10,562,0,0,0,0,0,False,False,False
2015-10-03,0,27,32,0,10,10,0,10,30462,104,0,10,562,0,0,0,0,0,False,False,False
2015-10-04,0,27,32,0,10,10,0,10,30486,104,0,10,562,0,0,0,0,0,False,False,False
2015-10-05,0,27,32,0,10,10,0,10,30509,104,0,10,562,0,0,0,0,0,False,False,False
2015-10-06,0,27,32,0,10,10,0,10,30533,104,0,10,562,0,0,0,0,0,False,False,False
2015-10-07,0,28,32,0,10,10,0,10,30558,104,0,10,562,0,0,0,0,0,False,False,False
2015-10-08,0,28,32,0,10,10,0,10,30582,104,0,10,562,0,0,0,0,0,False,False,False
2015-10-09,0,28,32,0,10,10,0,10,30605,104,0,10,562,0,0,0,0,0,False,False,False
2015-10-10,0,28,32,0,10,10,0,10,30630,104,0,10,562,0,0,0,0,0,False,False,False
2015-10-11,0,28,32,0,10,10,0,10,30654,104,0,10,562,0,0,0,0,0,False,False,False
2015-10-12,0,28,32,0,10,10,0,10,30677,104,0,10,562,0,0,0,0,0,False,False,False
2015-10-13,0,28,32,0,10,10,0,10,30702,104,0,10,562,0,0,0,0,0,False,False,False
2015-10-14,0,28,32,0,10,10,0,10,30726,104,0,10,562,0,0,0,0,0,False,False,False
2015-10-15,0,27,32,0,10,10,0,10,30749,104,0,10,562,0,0,0,0,0,False,False,False
2015-10-16,0,28,32,0,10,10,0,10,30773,104,0,10,562,0,0,0,0,0,False,False,False
2015-10-17,0,27,32,0,10,10,0,10,30798,104,0,10,562,0,0,0,0,0,False,False,False
2015-10-18,0,27,32,0,10,10,0,10,30822,104,0,10,562,0,0,0,0,0,False,False,False
2015-10-19,0,28,32,0,10,10,0,10,30845,104,0,10,562,0,0,0,0,0,False,False,False
2015-10-20,0,28,32,0,10,10,0,10,30870,104,0,10,562,0,0,0,0,0,False,False,False
2015-10-21,0,27,32,0,10,10,0,10,30894,104,0,10,562,0,0,0,0,0,False,False,False
2015-10-22,0,27,32,0,10,10,0,10,30918,104,0,10,562,0,0,0,0,0,False,False,False
2015-10-23,0,27,32,0,10,10,0,10,30941,104,0,10,562,0,0,0,0,0,False,False,False
2015-10-24,0,27,32,0,10,10,0,10,30966,104,0,10,562,0,0,0,0,0,False,False,False
2015-10-25,0,27,32,0,10,10,0,10,30990,104,0,10,562,0,0,0,0,0,False,False,False
2015-10-26,0,28,32,0,10,10,0,10,31013,104,0,10,562,0,0,0,0,0,False,False,False
2015-10-27,0,27,32,0,10,10,0,10,31038,104,0,10,562,0,0,0,0,0,False,False,False
2015-10-29,0,27,32,0,10,10,0,10,31085,104,0,10,562,0,0,0,0,0,False,False,False
2015-10-30,0,28,32,0,10,10,0,10,31109,104,0,10,562,0,0,0,0,0,False,False,False
2015-10-31,0,28,32,0,10,10,0,10,31134,104,0,10,562,0,0,0,0,0,False,False,False
2015-11-02,0,26,32,0,10,10,0,10,31183,104,0,10,562,0,0,0,0,0,False,False,False
2015-11-03,0,26,32,0,10,10,0,10,31207,104,0,10,562,0,0,0,0,0,False,False,False
2015-11-04,0,27,32,0,10,10,0,10,31230,104,0,10,562,0,0,0,0,0,False,False,False
2015-11-05,0,27,32,0,10,10,0,10,31255,104,0,10,562,0,0,0,0,0,False,False,False
2015-11-06,0,28,32,0,10,10,0,10,31279,104,0,10,562,0,0,0,0,0,False,False,False
2015-11-07,0,28,32,0,10,10,0,10,31302,104,0,10,562,0,0,0,0,0,False,False,False
2015-11-08,0,27,32,0,10,10,0,10,31327,104,0,10,562,0,0,0,0,0,False,False,False
2015-11-09,0,26,32,0,10,10,0,10,31351,104,0,10,562,0,0,0,0,0,False,False,False
2015-11-10,0,26,32,0,10,10,0,10,31374,104,0,10,562,0,0,0,0,0,False,False,False
2015-11-11,0,26,32,0,10,10,0,10,31399,104,0,10,562,0,0,0,0,0,False,False,False
2015-11-12,0,26,32,0,10,10,0,10,31423,104,0,10,562,0,0,0,0,0,False,False,False
2015-11-13,0,26,32,65536,10,10,0,10,31447,104,0,10,562,0,0,0,0,0,False,False,False
2015-11-14,0,26,32,0,10,10,0,10,31470,104,0,10,562,0,0,0,0,0,False,False,False
2015-11-15,0,26,32,0,10,10,0,10,31495,104,0,10,562,0,0,0,0,0,False,False,False
2015-11-16,0,26,32,0,10,10,0,10,31519,104,0,10,562,0,0,0,0,0,False,False,False
2015-11-17,0,27,32,0,10,10,0,10,31542,104,0,10,562,0,0,0,0,0,False,False,False
2015-11-18,0,28,32,0,10,10,0,10,31567,104,0,10,562,0,0,0,0,0,False,False,False
2015-11-19,0,28,32,65537,10,10,0,10,31591,104,0,10,562,0,0,0,0,0,False,False,False
2015-11-20,0,27,32,0,10,10,0,10,31614,104,0,10,562,0,0,0,0,0,False,False,False
2015-11-21,0,29,32,0,10,10,0,10,31638,104,0,10,562,0,0,0,0,0,False,False,False
2015-11-22,0,26,32,0,10,10,0,10,31663,104,0,10,562,0,0,0,0,0,False,False,False
2015-11-23,0,25,32,0,10,10,0,10,31687,104,0,10,562,0,0,0,0,0,False,False,False
2015-11-24,0,27,32,0,10,10,0,10,31710,104,0,10,562,0,0,0,0,0,False,False,False
2015-11-25,0,27,32,0,10,10,0,10,31735,104,0,10,562,0,0,0,0,0,False,False,False
2015-11-26,0,27,32,0,10,10,0,10,31759,104,0,10,562,0,0,0,0,0,False,False,False
2015-11-27,0,27,32,0,10,10,0,10,31782,104,0,10,562,0,0,0,0,0,False,False,False
2015-11-28,0,26,32,0,10,10,0,10,31807,104,0,10,562,0,0,0,0,0,False,False,False
2015-11-29,0,27,32,0,10,10,0,10,31831,104,0,10,562,0,0,0,0,0,False,False,False
2015-11-30,0,27,32,0,10,10,0,10,31854,104,0,10,562,0,0,0,0,0,False,False,False
2015-12-01,0,27,32,0,10,10,0,10,31878,104,0,10,562,0,0,0,0,0,False,False,False
2015-12-02,0,27,32,0,10,10,0,10,31903,104,0,10,562,0,0,0,0,0,False,False,False
2015-12-03,0,27,32,0,10,10,0,10,31927,104,0,10,562,0,0,0,0,0,False,False,False
2015-12-04,0,27,32,0,10,10,0,10,31951,104,0,10,562,0,0,0,0,0,False,False,False
2015-12-05,0,27,32,0,10,10,0,10,31975,104,0,10,562,0,0,0,0,0,False,False,False
2015-12-06,0,27,32,0,10,10,0,10,31999,104,0,10,562,0,0,0,0,0,False,False,False
2015-12-07,0,27,32,0,10,10,0,10,32023,104,0,10,562,0,0,0,0,0,False,False,False
2015-12-08,0,27,32,0,10,10,0,10,32047,104,0,10,562,0,0,0,0,0,False,False,False
2015-12-09,0,28,32,0,10,10,0,10,32071,104,0,10,562,0,0,0,0,0,False,False,False
2015-12-10,0,28,32,0,10,10,0,10,32095,104,0,10,562,0,0,0,0,0,False,False,False
2015-12-11,0,27,32,0,10,10,0,10,32118,104,0,10,562,0,0,0,0,0,False,False,False
2015-12-12,0,27,32,0,10,10,0,10,32143,104,0,10,562,0,0,0,0,0,False,False,False
2015-12-13,0,27,32,0,10,10,0,10,32167,104,0,10,562,0,0,0,0,0,False,False,False
2015-12-14,0,27,32,0,10,10,0,10,32190,104,0,10,562,0,0,0,0,0,False,False,False
2015-12-15,0,26,32,0,10,10,0,10,32215,104,0,10,562,0,0,0,0,0,False,False,False
2015-12-16,0,26,32,0,10,10,0,10,32239,104,0,10,562,0,0,0,0,0,False,False,False
2015-12-17,0,27,32,0,10,10,0,10,32262,104,0,10,562,0,0,0,0,0,False,False,False
2015-12-18,0,27,32,0,10,10,0,10,32287,104,0,10,562,0,0,0,0,0,False,False,False
2015-12-19,0,27,32,0,10,10,0,10,32311,104,0,10,562,0,0,0,0,0,False,False,False
2015-12-20,0,27,32,0,10,10,0,10,32334,104,0,10,562,0,0,0,0,0,False,False,False
2015-12-21,0,27,32,0,10,10,0,10,32358,104,0,10,562,0,0,0,0,0,False,False,False
2015-12-22,0,27,32,0,10,10,0,10,32383,104,0,10,562,0,0,0,0,0,False,False,False
2015-12-23,0,27,32,0,10,10,0,10,32407,104,0,10,562,0,0,0,0,0,False,False,False
2015-12-24,0,26,32,0,10,10,0,10,32430,104,0,10,562,0,0,0,0,0,False,False,False
2015-12-25,0,26,32,0,10,10,0,10,32455,104,0,10,562,0,0,0,0,0,False,False,False
2015-12-26,0,26,32,0,10,10,0,10,32479,104,0,10,562,0,0,0,0,0,False,False,False
2015-12-27,0,26,32,0,10,10,0,10,32502,104,0,10,562,0,0,0,0,0,False,False,False
2015-12-28,0,26,32,0,10,10,0,10,32527,104,0,10,562,0,0,0,0,0,False,False,False
2015-12-29,0,26,32,65536,10,10,0,10,32551,104,0,10,562,0,0,0,0,0,False,False,False
2015-12-30,0,27,32,0,10,10,0,10,32574,104,0,10,562,0,0,0,0,0,False,False,False
2015-12-31,0,26,32,0,10,10,0,10,32598,104,0,10,562,0,0,0,0,0,False,False,False
2016-01-01,0,26,32,0,10,10,0,10,32623,104,0,10,562,0,0,0,0,0,False,False,False
2016-01-02,0,26,32,0,10,10,0,10,32647,104,0,10,562,0,0,0,0,0,False,False,False
2016-01-03,0,26,32,0,10,10,0,10,32670,104,0,10,562,0,0,0,0,0,False,False,False
2016-01-04,0,26,32,0,10,10,0,10,32695,104,0,10,562,0,0,0,0,0,False,False,False
2016-01-05,0,27,32,0,10,10,0,10,32719,104,0,10,562,0,0,0,0,0,False,False,False
2016-01-06,0,27,32,0,10,10,0,10,32742,104,0,10,562,0,0,0,0,0,False,False,False
2016-01-07,0,26,32,0,10,10,0,10,32767,104,0,10,562,0,0,0,0,0,False,False,False
2016-01-08,0,26,32,0,10,10,0,10,32791,104,0,10,562,0,0,0,0,0,False,False,False
2016-01-09,0,27,32,0,10,10,0,10,32814,104,0,10,562,0,0,0,0,0,False,False,False
2016-01-10,0,27,32,0,10,10,0,10,32839,104,0,10,562,0,0,0,0,0,False,False,False
2016-01-11,0,26,32,0,10,10,0,10,32863,104,0,10,562,0,0,0,0,0,False,False,False
2016-01-12,0,26,32,0,10,10,0,10,32887,104,0,10,562,0,0,0,0,0,False,False,False
2016-01-13,0,27,32,1,10,10,0,10,32910,104,0,10,562,0,0,0,0,0,False,False,False
2016-01-14,0,26,32,0,10,10,0,10,32935,104,0,10,562,0,0,0,0,0,False,False,False
2016-01-15,0,27,32,0,10,10,0,10,32959,104,0,10,562,0,0,0,0,0,False,False,False
2016-01-16,0,26,32,0,10,10,0,10,32982,104,0,10,562,0,0,0,0,0,False,False,False
2016-01-17,0,27,32,0,10,10,0,10,33007,104,0,10,562,0,0,0,0,0,False,False,False
2016-01-18,0,27,32,0,10,10,0,10,33031,104,0,10,562,0,0,0,0,0,False,False,False
2016-01-19,0,26,32,0,10,10,0,10,33054,104,0,10,562,0,0,0,0,0,False,False,False
2016-01-20,0,26,32,0,10,10,0,10,33079,104,0,10,562,0,0,0,0,0,False,False,False
2016-01-21,0,26,32,0,10,10,0,10,33103,104,0,10,562,0,0,0,0,0,False,False,False
2016-01-22,0,26,32,65536,10,10,0,10,33126,104,0,10,562,0,0,0,0,0,False,False,False
2016-01-23,0,26,32,0,10,10,0,10,33151,104,0,10,562,0,0,0,0,0,False,False,False
2016-01-24,0,26,32,0,10,10,0,10,33175,104,0,10,562,0,0,0,0,0,False,False,False
2016-01-25,0,26,32,0,10,10,0,10,33199,104,0,10,562,0,0,0,0,0,False,False,False
2016-01-26,0,26,32,0,10,10,0,10,33223,104,0,10,562,0,0,0,0,0,False,False,False
2016-01-27,0,26,32,0,10,10,0,10,33247,104,0,10,562,0,0,0,0,0,False,False,False
2016-01-28,0,26,32,0,10,10,0,10,33271,104,0,10,562,0,0,0,0,0,False,False,False
2016-01-29,0,26,32,0,10,10,0,10,33294,104,0,10,562,0,0,0,0,0,False,False,False
2016-01-30,0,26,32,0,10,10,0,10,33319,104,0,10,562,0,0,0,0,0,False,False,False
2016-01-31,0,27,32,0,10,10,0,10,33343,104,0,10,562,0,0,0,0,0,False,False,False
2016-02-01,0,28,32,0,10,10,0,10,33366,104,0,10,562,0,0,0,0,0,False,False,False
2016-02-02,0,25,32,0,10,10,0,10,33391,104,0,10,562,0,0,0,0,0,False,False,False
2016-02-03,0,26,32,0,10,10,0,10,33415,104,0,10,562,0,0,0,0,0,False,False,False
2016-02-04,0,26,32,0,10,10,0,10,33439,104,0,10,562,0,0,0,0,0,False,False,False
2016-02-05,0,27,32,0,10,10,0,10,33463,104,0,10,562,0,0,0,0,0,False,False,False
2016-02-06,0,26,32,0,10,10,0,10,33487,104,0,10,562,0,0,0,0,0,False,False,False
2016-02-07,0,26,32,0,10,10,0,10,33511,104,0,10,562,0,0,0,0,0,False,False,False
2016-02-08,0,26,32,0,10,10,0,10,33535,104,0,10,562,0,0,0,0,0,False,False,False
2016-02-09,0,26,32,0,10,10,0,10,33559,104,0,10,562,0,0,0,0,0,False,False,False
2016-02-10,0,25,32,0,10,10,0,10,33583,104,0,10,562,0,0,0,0,0,False,False,False
2016-02-11,0,26,32,0,10,10,0,10,33606,104,0,10,562,0,0,0,0,0,False,False,False
2016-02-12,0,26,32,0,10,10,0,10,33631,104,0,10,562,0,0,0,0,0,False,False,False
2016-02-13,0,26,32,0,10,10,0,10,33655,104,0,10,562,0,0,0,0,0,False,False,False
2016-02-14,0,26,32,0,10,10,0,10,33678,104,0,10,562,0,0,0,0,0,False,False,False
2016-02-15,0,26,32,0,10,10,0,10,33703,104,0,10,562,0,0,0,0,0,False,False,False
2016-02-16,0,26,32,0,10,10,0,10,33727,104,0,10,562,0,0,0,0,0,False,False,False
2016-02-17,0,26,32,0,10,10,0,10,33751,104,0,10,562,0,0,0,0,0,False,False,False
2016-02-18,0,26,32,0,10,10,0,10,33774,104,0,10,562,0,0,0,0,0,False,False,False
2016-02-19,0,26,32,0,10,10,0,10,33799,104,0,10,562,0,0,0,0,0,False,False,False
2016-02-20,0,26,32,0,10,10,0,10,33823,104,0,10,562,0,0,0,0,0,False,False,False
2016-02-21,0,25,32,0,10,10,0,10,33846,104,0,10,562,0,0,0,0,0,False,False,False
2016-02-22,0,26,32,0,10,10,0,10,33871,104,0,10,562,0,0,0,0,0,False,False,False
2016-02-23,0,26,32,0,10,10,0,10,33895,104,0,10,562,0,0,0,0,0,False,False,False
2016-02-24,0,26,32,0,10,10,0,10,33918,104,0,10,562,0,0,0,0,0,False,False,False
2016-02-25,0,26,32,0,10,10,0,10,33943,104,0,10,562,0,0,0,0,0,False,False,False
2016-02-26,0,26,32,0,10,10,0,10,33967,104,0,10,562,0,0,0,0,0,False,False,False
2016-02-27,0,25,32,0,10,10,0,10,33991,104,0,10,562,0,0,0,0,0,False,False,False
2016-02-28,0,26,32,0,10,10,0,10,34015,104,0,10,562,0,0,0,0,0,False,False,False
2016-02-29,0,25,32,0,10,10,0,10,34039,104,0,10,562,0,0,0,0,0,False,False,False
2016-03-01,0,26,32,0,10,10,0,10,34063,104,0,10,562,0,0,0,0,0,False,False,False
2016-03-02,0,26,32,0,10,10,0,10,34086,104,0,10,562,0,0,0,0,0,False,False,False
2016-03-03,0,26,32,0,10,10,0,10,34111,104,0,10,562,0,0,0,0,0,False,False,False
2016-03-04,0,25,32,0,10,10,0,10,34135,104,0,10,562,0,0,0,0,0,False,False,False
2016-03-05,0,25,32,0,10,10,0,10,34158,104,0,10,562,0,0,0,0,0,False,False,False
2016-03-06,0,26,32,0,10,10,0,10,34183,104,0,10,562,0,0,0,0,0,False,False,False
2016-03-07,0,26,32,0,10,10,0,10,34207,104,0,10,562,0,0,0,0,0,False,False,False
2016-03-08,0,26,32,0,10,10,0,10,34231,104,0,10,562,0,0,0,0,0,False,False,False
2016-03-09,0,26,32,0,10,10,0,10,34255,104,0,10,562,0,0,0,0,0,False,False,False
2016-03-10,0,26,32,0,10,10,0,10,34279,104,0,10,562,0,0,0,0,0,False,False,False
2016-03-11,0,26,32,0,10,10,0,10,34303,104,0,10,562,0,0,0,0,0,False,False,False
2016-03-12,0,27,32,0,10,10,0,10,34326,104,0,10,562,0,0,0,0,0,False,False,False
2016-03-13,0,27,32,0,10,10,0,10,34351,104,0,10,562,0,0,0,0,0,False,False,False
2016-03-14,0,26,32,0,10,10,0,10,34375,104,0,10,562,0,0,0,0,0,False,False,False
2016-03-15,0,26,32,0,10,10,0,10,34398,104,0,10,562,0,0,0,0,0,False,False,False
2016-03-16,0,26,32,0,10,10,0,10,34421,104,0,10,562,0,0,0,0,0,False,False,False
2016-03-17,0,26,32,0,10,10,0,10,34446,104,0,10,562,0,0,0,0,0,False,False,False
2016-03-18,0,26,32,0,10,10,0,10,34470,104,0,10,562,0,0,0,0,0,False,False,False
2016-03-19,0,25,32,0,10,10,0,10,34494,104,0,10,562,0,0,0,0,0,False,False,False
2016-03-20,0,25,32,0,10,10,0,10,34517,104,0,10,562,0,0,0,0,0,False,False,False
2016-03-21,0,25,32,0,10,10,0,10,34542,104,0,10,562,0,0,0,0,0,False,False,False
2016-03-22,0,26,32,0,10,10,0,10,34566,104,0,10,562,0,0,0,0,0,False,False,False
2016-03-23,0,25,32,0,10,10,0,10,34589,104,0,10,562,0,0,0,0,0,False,False,False
2016-03-24,0,25,32,0,10,10,0,10,34614,104,0,10,562,0,0,0,0,0,False,False,False
2016-03-25,0,25,32,0,10,10,0,10,34638,104,0,10,562,0,0,0,0,0,False,False,False
2016-03-26,0,26,32,0,10,10,0,10,34662,104,0,10,562,0,0,0,0,0,False,False,False
2016-03-27,0,26,32,0,10,10,0,10,34686,104,0,10,562,0,0,0,0,0,False,False,False
2016-03-28,0,25,32,0,10,10,0,10,34710,104,0,10,562,0,0,0,0,0,False,False,False
2016-03-29,0,25,32,0,10,10,0,10,34734,104,0,10,562,0,0,0,0,0,False,False,False
2016-03-30,0,25,32,0,10,10,0,10,34757,104,0,10,562,0,0,0,0,0,False,False,False
2016-03-31,0,25,32,0,10,10,0,10,34782,104,0,10,562,0,0,0,0,0,False,False,False
2016-04-01,0,26,32,0,10,10,0,10,34806,104,0,10,562,0,0,0,0,0,False,False,False
2016-04-02,0,25,32,1,10,10,0,10,34829,104,0,10,562,0,0,0,0,0,False,False,False
2016-04-03,0,25,32,1,10,10,0,10,34854,104,0,10,562,0,0,0,0,0,False,False,False
2016-04-04,0,26,32,0,10,10,0,10,34878,104,0,10,562,0,0,0,0,0,False,False,False
2016-04-05,0,25,32,0,10,10,0,10,34901,104,0,10,562,0,0,0,0,0,False,False,False
2016-04-06,0,25,32,0,10,10,0,10,34926,104,0,10,562,0,0,0,0,0,False,False,False
2016-04-07,0,24,32,0,10,10,0,10,34950,104,0,10,562,0,0,0,0,0,False,False,False
2016-04-08,0,28,32,0,10,10,0,10,34974,104,0,10,562,0,0,0,0,0,False,False,False
2016-04-09,0,28,32,0,10,10,0,10,34998,104,0,10,562,0,0,0,0,0,False,False,False
2016-04-10,0,27,32,0,10,10,0,10,35022,104,0,10,562,0,0,0,0,0,False,False,False
2016-04-11,0,27,32,0,10,10,0,10,35046,104,0,10,562,0,0,0,0,0,False,False,False
2016-04-12,0,28,32,0,10,10,0,10,35069,104,0,10,562,0,0,0,0,0,False,False,False
2016-04-13,0,25,32,0,10,10,0,10,35094,104,0,10,562,0,0,0,0,0,False,False,False
2016-04-14,0,25,32,0,10,10,0,10,35118,104,0,10,562,0,0,0,0,0,False,False,False
2016-04-15,0,26,32,0,10,10,0,10,35141,104,0,10,562,0,0,0,0,0,False,False,False
2016-04-16,0,26,32,0,10,10,0,10,35166,104,0,10,562,0,0,0,0,0,False,False,False
2016-04-17,0,25,32,0,10,10,0,10,35190,104,0,10,562,0,0,0,0,0,False,False,False
2016-04-18,0,25,32,0,10,10,0,10,35214,104,0,10,562,0,0,0,0,0,False,False,False
2016-04-19,0,24,32,0,10,10,0,10,35238,104,0,10,562,0,0,0,0,0,False,False,False
2016-04-20,0,25,32,0,10,10,0,10,35262,104,0,10,562,0,0,0,0,0,False,False,False
2016-04-21,0,24,32,0,10,10,0,10,35286,104,0,10,562,0,0,0,0,0,False,False,False
2016-04-22,0,26,32,0,10,10,0,10,35309,104,0,10,562,0,0,0,0,0,False,False,False
2016-04-23,0,26,32,0,10,10,0,10,35334,104,0,10,562,0,0,0,0,0,False,False,False
2016-04-24,0,26,32,0,10,10,0,10,35358,104,0,10,562,0,0,0,0,0,False,False,False
2016-04-25,0,26,32,0,10,10,0,10,35381,104,0,10,562,0,0,0,0,0,False,False,False
2016-04-26,0,25,32,0,10,10,0,10,35406,104,0,10,562,0,0,0,0,0,False,False,False
2016-04-27,0,25,33,0,11,11,0,11,35429,103,0,11,562,0,0,0,0,0,False,False,False
2016-04-28,0,26,33,0,11,11,0,11,35453,103,0,11,562,0,0,0,0,0,False,False,False
2016-04-29,0,25,33,0,11,11,0,11,35478,103,0,11,562,0,0,0,0,0,False,False,False
2016-04-30,0,26,33,0,11,11,0,11,35501,103,0,11,562,0,0,0,0,0,False,False,False
2016-05-01,0,24,33,0,11,11,0,11,35525,103,0,11,562,0,0,0,0,0,False,False,False
2016-05-02,0,25,33,0,11,11,0,11,35550,103,0,11,562,0,0,0,0,0,False,False,False
2016-05-03,0,25,33,0,11,11,0,11,35573,103,0,11,562,0,0,0,0,0,False,False,False
2016-05-04,0,23,33,0,11,11,0,11,35597,103,0,11,562,0,0,0,0,0,False,False,False
2016-05-05,0,37,33,0,11,11,0,11,35622,103,0,11,562,0,0,0,0,0,False,False,False
2016-05-06,0,34,33,0,11,11,0,11,35645,103,0,11,562,0,0,0,0,0,False,False,False
2016-05-07,0,35,33,0,11,11,0,11,35669,103,0,11,562,0,0,0,0,0,False,False,False
2016-05-08,0,35,33,0,11,11,0,11,35693,103,0,11,562,0,0,0,0,0,False,False,False
2016-05-09,0,34,33,0,11,11,0,11,35718,103,0,11,562,0,0,0,0,0,False,False,False
2016-05-10,0,34,33,0,11,11,0,11,35741,103,0,11,562,0,0,0,0,0,False,False,False
2016-05-11,0,33,33,0,11,11,0,11,35766,103,0,11,562,0,0,0,0,0,False,False,False
2016-05-12,0,33,33,0,11,11,0,11,35790,103,0,11,562,0,0,0,0,0,False,False,False
2016-05-13,0,33,33,0,11,11,0,11,35813,103,0,11,562,0,0,0,0,0,False,False,False
2016-05-14,0,34,33,0,11,11,0,11,35837,103,0,11,562,0,0,0,0,0,False,False,False
2016-05-15,0,35,33,0,11,11,0,11,35862,103,0,11,562,0,0,0,0,0,False,False,False
2016-05-16,0,33,33,0,11,11,0,11,35885,103,0,11,562,0,0,0,0,0,False,False,False
2016-05-17,0,33,33,0,11,11,0,11,35909,103,0,11,562,0,0,0,0,0,False,False,False
2016-05-18,0,33,33,0,11,11,0,11,35934,103,0,11,562,0,0,0,0,0,False,False,False
2016-05-19,0,33,33,0,11,11,0,11,35958,103,0,11,562,0,0,0,0,0,False,False,False
2016-05-20,0,31,33,0,11,11,0,11,35981,103,0,11,562,0,0,0,0,0,False,False,False
2016-05-21,0,32,33,0,11,11,0,11,36005,103,0,11,562,0,0,0,0,0,False,False,False
2016-05-22,0,31,33,0,11,11,0,11,36030,103,0,11,562,0,0,0,0,0,False,False,False
2016-05-23,0,31,33,0,11,11,0,11,36053,103,0,11,562,0,0,0,0,0,False,False,False
2016-05-24,0,34,33,0,11,11,0,11,36077,103,0,11,562,0,0,0,0,0,False,False,False
2016-05-25,0,31,33,0,11,11,0,11,36102,103,0,11,562,0,0,0,0,0,False,False,False
2016-05-26,0,31,33,0,11,11,0,11,36125,103,0,11,562,0,0,0,0,0,False,False,False
2016-05-27,0,29,33,0,11,11,0,11,36149,103,0,11,562,0,0,0,0,0,False,False,False
2016-05-28,0,29,33,1,11,11,0,11,36174,103,0,11,562,0,0,0,0,0,False,False,False
2016-05-29,0,29,33,0,11,11,0,11,36198,103,0,11,562,0,0,0,0,0,False,False,False
2016-05-30,0,29,33,0,11,11,0,11,36221,103,0,11,562,0,0,0,0,0,False,False,False
2016-05-31,0,29,33,0,11,11,0,11,36246,103,0,11,562,0,0,0,0,0,False,False,False
2016-06-01,0,29,33,0,11,11,0,11,36270,103,0,11,562,0,0,0,0,0,False,False,False
2016-06-02,0,28,33,0,11,11,0,11,36293,103,0,11,562,0,0,0,0,0,False,False,False
2016-06-03,0,27,33,0,11,11,0,11,36317,103,0,11,562,0,0,0,0,0,False,False,False
2016-06-04,0,28,33,0,11,11,0,11,36342,103,0,11,562,0,0,0,0,0,False,False,False
2016-06-05,0,26,32,0,12,12,0,12,36366,104,0,12,562,0,0,0,0,0,False,False,False
2016-06-06,0,26,32,0,12,12,0,12,36389,104,0,12,562,0,0,0,0,0,False,False,False
2016-06-07,0,26,32,0,12,12,0,12,36413,104,0,12,562,0,0,0,0,0,False,False,False
2016-06-08,0,26,32,0,12,12,0,12,36438,104,0,12,562,0,0,0,0,0,False,False,False
2016-06-09,0,26,32,0,12,12,0,12,36461,104,0,12,562,0,0,0,0,0,False,False,False
2016-06-10,0,26,32,0,12,12,0,12,36485,104,0,12,562,0,0,0,0,0,False,False,False
2016-06-11,0,22,32,0,12,12,0,12,36509,104,0,12,562,0,0,0,0,0,False,False,False
2016-06-12,0,30,32,0,12,12,0,12,36533,104,0,12,562,0,0,0,0,0,False,False,False
2016-06-13,0,30,32,0,12,12,0,12,36557,104,0,12,562,0,0,0,0,0,False,False,False
2016-06-14,0,30,32,0,12,12,0,12,36581,104,0,12,562,0,0,0,0,0,False,False,False
2016-06-15,0,29,32,0,12,12,0,12,36606,104,0,12,562,0,0,0,0,0,False,False,False
2016-06-16,0,30,32,0,12,12,0,12,36629,104,0,12,562,0,0,0,0,0,False,False,False
2016-06-17,0,30,32,0,12,12,0,12,36653,104,0,12,562,0,0,0,0,0,False,False,False
2016-06-18,0,27,32,0,12,12,0,12,36677,104,0,12,562,0,0,0,0,0,False,False,False
2016-06-19,0,27,32,0,12,12,0,12,36701,104,0,12,562,0,0,0,0,0,False,False,False
2016-06-20,0,26,32,0,12,12,0,12,36725,104,0,12,562,0,0,0,0,0,False,False,False
2016-06-21,0,27,32,0,12,12,0,12,36750,104,0,12,562,0,0,0,0,0,False,False,False
2016-06-22,0,27,32,0,12,12,0,12,36773,104,0,12,562,0,0,0,0,0,False,False,False
2016-06-23,0,27,32,0,12,12,0,12,36797,104,0,12,562,0,0,0,0,0,False,False,False
2016-06-24,0,27,32,0,12,12,0,12,36821,104,0,12,562,0,0,0,0,0,False,False,False
2016-06-25,0,27,32,0,12,12,0,12,36846,104,0,12,562,0,0,0,0,0,False,False,False
2016-06-26,0,27,32,0,12,12,0,12,36869,104,0,12,562,0,0,0,0,0,False,False,False
2016-06-27,0,27,32,0,12,12,0,12,36893,104,0,12,562,0,0,0,0,0,False,False,False
2016-06-28,0,27,32,0,12,12,0,12,36918,104,0,12,562,0,0,0,0,0,False,False,False
2016-06-29,0,27,32,0,12,12,0,12,36941,104,0,12,562,0,0,0,0,0,False,False,False
2016-06-30,0,27,32,0,12,12,0,12,36965,104,0,12,562,0,0,0,0,0,False,False,False
