date,failure,Smart 194: Temperature_Celsius (Raw Value),Smart 8: Seek_Time_Performance (Raw Value),Smart 1: Raw_Read_Error_Rate (Raw Value),Smart 12: Power_Cycle_Count (Raw Value),Smart 4: Start_Stop_Count (Raw Value),Smart 10: Spin_Retry_Count (Raw Value),Smart 192: Power-Off_Retract_Count (Raw Value),Smart 9: Power_On_Hours (Raw Value),Smart 2: Throughput_Performance (Raw Value),Smart 7: Seek_Error_Rate (Raw Value),Smart 193: Load_Cycle_Count (Raw Value),Smart 3: Spin_Up_Time (Raw Value),Smart 5: Reallocated_Sector_Ct (Raw Value),Smart 197: Current_Pending_Sector (Raw Value),Smart 198: Offline_Uncorrectable (Raw Value),Smart 199: UDMA_CRC_Error_Count (Raw Value),Smart 196: Reallocated_Event_Count (Raw Value),op_fail_30,op_fail_15,op_fail_1
2013-04-10,0,30,,0,,,,,13377,,,,,0,0,,,,False,False,False
2013-04-11,0,29,,0,,,,,13401,,,,,0,0,,,,False,False,False
2013-04-12,0,29,,0,,,,,13425,,,,,0,0,,,,False,False,False
2013-04-13,0,29,,0,,,,,13449,,,,,0,0,,,,False,False,False
2013-04-14,0,29,,0,,,,,13473,,,,,0,0,,,,False,False,False
2013-04-15,0,29,,0,,,,,13497,,,,,0,0,,,,False,False,False
2013-04-16,0,28,,0,,,,,13521,,,,,0,0,,,,False,False,False
2013-04-17,0,29,,0,,,,,13545,,,,,0,0,,,,False,False,False
2013-04-18,0,29,,0,,,,,13569,,,,,0,0,,,,False,False,False
2013-04-19,0,28,,0,,,,,13593,,,,,0,0,,,,False,False,False
2013-04-20,0,29,,0,,,,,13617,,,,,0,0,,,,False,False,False
2013-04-21,0,28,,0,,,,,13641,,,,,0,0,,,,False,False,False
2013-04-22,0,28,,0,,,,,13665,,,,,0,0,,,,False,False,False
2013-04-23,0,29,,0,,,,,13689,,,,,0,0,,,,False,False,False
2013-04-24,0,28,,0,,,,,13708,,,,,0,0,,,,False,False,False
2013-04-25,0,28,,0,,,,,13732,,,,,0,0,,,,False,False,False
2013-04-26,0,28,,0,,,,,13756,,,,,0,0,,,,False,False,False
2013-04-27,0,28,,0,,,,,13780,,,,,0,0,,,,False,False,False
2013-04-28,0,28,,0,,,,,13804,,,,,0,0,,,,False,False,False
2013-04-29,0,28,,0,,,,,13828,,,,,0,0,,,,False,False,False
2013-04-30,0,25,,0,,,,,13852,,,,,0,0,,,,False,False,False
2013-05-01,0,25,,0,,,,,13876,,,,,0,0,,,,False,False,False
2013-05-02,0,28,,0,,,,,13900,,,,,0,0,,,,False,False,False
2013-05-03,0,28,,0,,,,,13924,,,,,0,0,,,,False,False,False
2013-05-04,0,28,,0,,,,,13948,,,,,0,0,,,,False,False,False
2013-05-05,0,28,,0,,,,,13972,,,,,0,0,,,,False,False,False
2013-05-06,0,28,,0,,,,,13996,,,,,0,0,,,,False,False,False
2013-05-07,0,28,,0,,,,,14020,,,,,0,0,,,,False,False,False
2013-05-08,0,25,,0,,,,,14044,,,,,0,0,,,,False,False,False
2013-05-09,0,24,,0,,,,,14068,,,,,0,0,,,,False,False,False
2013-05-10,0,25,,0,,,,,14092,,,,,0,0,,,,False,False,False
2013-05-11,0,25,,0,,,,,14116,,,,,0,0,,,,False,False,False
2013-05-12,0,25,,0,,,,,14140,,,,,0,0,,,,False,False,False
2013-05-13,0,25,,0,,,,,14164,,,,,0,0,,,,False,False,False
2013-05-14,0,25,,0,,,,,14188,,,,,0,0,,,,False,False,False
2013-05-15,0,25,,0,,,,,14212,,,,,0,0,,,,False,False,False
2013-05-16,0,25,,0,,,,,14236,,,,,0,0,,,,False,False,False
2013-05-17,0,25,,0,,,,,14260,,,,,0,0,,,,False,False,False
2013-05-18,0,25,,0,,,,,14284,,,,,0,0,,,,False,False,False
2013-05-19,0,25,,0,,,,,14308,,,,,0,0,,,,False,False,False
2013-05-20,0,26,,0,,,,,14332,,,,,0,0,,,,False,False,False
2013-05-21,0,26,,0,,,,,14356,,,,,0,0,,,,False,False,False
2013-05-22,0,25,,0,,,,,14380,,,,,0,0,,,,False,False,False
2013-05-23,0,25,,0,,,,,14404,,,,,0,0,,,,False,False,False
2013-05-24,0,25,,0,,,,,14428,,,,,0,0,,,,False,False,False
2013-05-25,0,32,,0,,,,,14452,,,,,0,0,,,,False,False,False
2013-05-26,0,26,,0,,,,,14476,,,,,0,0,,,,False,False,False
2013-05-27,0,26,,0,,,,,14500,,,,,0,0,,,,False,False,False
2013-05-28,0,26,,0,,,,,14524,,,,,0,0,,,,False,False,False
2013-05-29,0,26,,0,,,,,14548,,,,,0,0,,,,False,False,False
2013-05-30,0,29,,0,,,,,14572,,,,,0,0,,,,False,False,False
2013-05-31,0,27,,0,,,,,14596,,,,,0,0,,,,False,False,False
2013-06-01,0,26,,0,,,,,14620,,,,,0,0,,,,False,False,False
2013-06-02,0,26,,0,,,,,14644,,,,,0,0,,,,False,False,False
2013-06-03,0,25,,0,,,,,14668,,,,,0,0,,,,False,False,False
2013-06-04,0,24,,0,,,,,14692,,,,,0,0,,,,False,False,False
2013-06-05,0,25,,0,,,,,14716,,,,,0,0,,,,False,False,False
2013-06-06,0,30,,0,,,,,14740,,,,,0,0,,,,False,False,False
2013-06-07,0,27,,0,,,,,14764,,,,,0,0,,,,False,False,False
2013-06-08,0,28,,65536,,,,,14788,,,,,0,0,,,,False,False,False
2013-06-09,0,27,,0,,,,,14812,,,,,0,0,,,,False,False,False
2013-06-10,0,27,,0,,,,,14836,,,,,0,0,,,,False,False,False
2013-06-11,0,27,,0,,,,,14860,,,,,0,0,,,,False,False,False
2013-06-12,0,25,,0,,,,,14884,,,,,0,0,,,,False,False,False
2013-06-13,0,25,,0,,,,,14908,,,,,0,0,,,,False,False,False
2013-06-14,0,26,,0,,,,,14932,,,,,0,0,,,,False,False,False
2013-06-15,0,26,,0,,,,,14956,,,,,0,0,,,,False,False,False
2013-06-16,0,26,,0,,,,,14980,,,,,0,0,,,,False,False,False
2013-06-17,0,27,,0,,,,,15004,,,,,0,0,,,,False,False,False
2013-06-18,0,27,,0,,,,,15028,,,,,0,0,,,,False,False,False
2013-06-19,0,29,,0,,,,,15052,,,,,0,0,,,,False,False,False
2013-06-20,0,27,,0,,,,,15076,,,,,0,0,,,,False,False,False
2013-06-21,0,27,,0,,,,,15100,,,,,0,0,,,,False,False,False
2013-06-22,0,28,,0,,,,,15124,,,,,0,0,,,,False,False,False
2013-06-23,0,25,,0,,,,,15148,,,,,0,0,,,,False,False,False
2013-06-24,0,26,,0,,,,,15172,,,,,0,0,,,,False,False,False
2013-06-25,0,25,,0,,,,,15196,,,,,0,0,,,,False,False,False
2013-06-26,0,25,,0,,,,,15220,,,,,0,0,,,,False,False,False
2013-06-27,0,25,,0,,,,,15244,,,,,0,0,,,,False,False,False
2013-06-28,0,25,,0,,,,,15268,,,,,0,0,,,,False,False,False
2013-06-29,0,25,,0,,,,,15292,,,,,0,0,,,,False,False,False
2013-06-30,0,25,,0,,,,,15316,,,,,0,0,,,,False,False,False
2013-07-01,0,25,,0,,,,,15340,,,,,0,0,,,,False,False,False
2013-07-02,0,25,,0,,,,,15364,,,,,0,0,,,,False,False,False
2013-07-03,0,25,,0,,,,,15388,,,,,0,0,,,,False,False,False
2013-07-04,0,25,,0,,,,,15412,,,,,0,0,,,,False,False,False
2013-07-05,0,25,,0,,,,,15436,,,,,0,0,,,,False,False,False
2013-07-06,0,25,,0,,,,,15460,,,,,0,0,,,,False,False,False
2013-07-07,0,25,,0,,,,,15484,,,,,0,0,,,,False,False,False
2013-07-08,0,25,,0,,,,,15508,,,,,0,0,,,,False,False,False
2013-07-09,0,25,,0,,,,,15532,,,,,0,0,,,,False,False,False
2013-07-10,0,25,,0,,,,,15556,,,,,0,0,,,,False,False,False
2013-07-11,0,25,,0,,,,,15580,,,,,0,0,,,,False,False,False
2013-07-12,0,25,,0,,,,,15604,,,,,0,0,,,,False,False,False
2013-07-13,0,24,,0,,,,,15628,,,,,0,0,,,,False,False,False
2013-07-14,0,25,,0,,,,,15652,,,,,0,0,,,,False,False,False
2013-07-15,0,24,,0,,,,,15676,,,,,0,0,,,,False,False,False
2013-07-16,0,25,,0,,,,,15700,,,,,0,0,,,,False,False,False
2013-07-17,0,25,,0,,,,,15724,,,,,0,0,,,,False,False,False
2013-07-18,0,29,,0,,,,,15748,,,,,0,0,,,,False,False,False
2013-07-19,0,25,,0,,,,,15772,,,,,0,0,,,,False,False,False
2013-07-20,0,26,,0,,,,,15796,,,,,0,0,,,,False,False,False
2013-07-21,0,25,,0,,,,,15820,,,,,0,0,,,,False,False,False
2013-07-22,0,25,,0,,,,,15844,,,,,0,0,,,,False,False,False
2013-07-23,0,25,,0,,,,,15868,,,,,0,0,,,,False,False,False
2013-07-24,0,24,,0,,,,,15892,,,,,0,0,,,,False,False,False
2013-07-25,0,24,,0,,,,,15916,,,,,0,0,,,,False,False,False
2013-07-26,0,23,,0,,,,,15940,,,,,0,0,,,,False,False,False
2013-07-27,0,25,,0,,,,,15964,,,,,0,0,,,,False,False,False
2013-07-28,0,23,,0,,,,,15988,,,,,0,0,,,,False,False,False
2013-07-29,0,24,,0,,,,,16012,,,,,0,0,,,,False,False,False
2013-07-30,0,24,,0,,,,,16036,,,,,0,0,,,,False,False,False
2013-07-31,0,25,,0,,,,,16060,,,,,0,0,,,,False,False,False
2013-08-01,0,24,,0,,,,,16084,,,,,0,0,,,,False,False,False
2013-08-02,0,24,,0,,,,,16108,,,,,0,0,,,,False,False,False
2013-08-03,0,24,,0,,,,,16132,,,,,0,0,,,,False,False,False
2013-08-04,0,24,,0,,,,,16156,,,,,0,0,,,,False,False,False
2013-08-05,0,24,,0,,,,,16180,,,,,0,0,,,,False,False,False
2013-08-06,0,24,,0,,,,,16204,,,,,0,0,,,,False,False,False
2013-08-07,0,24,,0,,,,,16228,,,,,0,0,,,,False,False,False
2013-08-08,0,24,,0,,,,,16252,,,,,0,0,,,,False,False,False
2013-08-09,0,24,,0,,,,,16276,,,,,0,0,,,,False,False,False
2013-08-10,0,24,,0,,,,,16300,,,,,0,0,,,,False,False,False
2013-08-11,0,24,,0,,,,,16324,,,,,0,0,,,,False,False,False
2013-08-12,0,24,,0,,,,,16348,,,,,0,0,,,,False,False,False
2013-08-13,0,24,,0,,,,,16372,,,,,0,0,,,,False,False,False
2013-08-14,0,24,,0,,,,,16396,,,,,0,0,,,,False,False,False
2013-08-15,0,25,,0,,,,,16420,,,,,0,0,,,,False,False,False
2013-08-16,0,25,,0,,,,,16444,,,,,0,0,,,,False,False,False
2013-08-17,0,24,,0,,,,,16468,,,,,0,0,,,,False,False,False
2013-08-18,0,24,,0,,,,,16492,,,,,0,0,,,,False,False,False
2013-08-19,0,25,,0,,,,,16516,,,,,0,0,,,,False,False,False
2013-10-15,0,27,,0,,,,,17884,,,,,0,0,,,,False,False,False
2013-10-16,0,27,,0,,,,,17908,,,,,0,0,,,,False,False,False
2013-10-17,0,27,,0,,,,,17932,,,,,0,0,,,,False,False,False
2013-10-18,0,28,,0,,,,,17956,,,,,0,0,,,,False,False,False
2013-10-19,0,28,,0,,,,,17980,,,,,0,0,,,,False,False,False
2013-10-20,0,28,,0,,,,,18004,,,,,0,0,,,,False,False,False
2013-10-21,0,27,,0,,,,,18028,,,,,0,0,,,,False,False,False
2013-10-22,0,28,,0,,,,,18052,,,,,0,0,,,,False,False,False
2013-10-23,0,28,,0,,,,,18076,,,,,0,0,,,,False,False,False
2013-10-24,0,28,,0,,,,,18100,,,,,0,0,,,,False,False,False
2013-10-25,0,27,,0,,,,,18124,,,,,0,0,,,,False,False,False
2013-10-26,0,27,,0,,,,,18148,,,,,0,0,,,,False,False,False
2013-10-27,0,28,,0,,,,,18172,,,,,0,0,,,,False,False,False
2013-10-28,0,28,,0,,,,,18196,,,,,0,0,,,,False,False,False
2013-10-29,0,28,,0,,,,,18220,,,,,0,0,,,,False,False,False
2013-10-30,0,28,,0,,,,,18244,,,,,0,0,,,,False,False,False
2013-10-31,0,28,,0,,,,,18268,,,,,0,0,,,,False,False,False
2013-11-01,0,28,,0,,,,,18292,,,,,0,0,,,,False,False,False
2013-11-02,0,27,,0,,,,,18316,,,,,0,0,,,,False,False,False
2013-11-03,0,28,,0,,,,,18340,,,,,0,0,,,,False,False,False
2013-11-04,0,27,,0,,,,,18365,,,,,0,0,,,,False,False,False
2013-11-05,0,27,,0,,,,,18389,,,,,0,0,,,,False,False,False
2013-11-06,0,27,,0,,,,,18413,,,,,0,0,,,,False,False,False
2013-11-07,0,27,,0,,,,,18437,,,,,0,0,,,,False,False,False
2013-11-08,0,26,,0,,,,,18461,,,,,0,0,,,,False,False,False
2013-11-09,0,27,,0,,,,,18485,,,,,0,0,,,,False,False,False
2013-11-10,0,26,,0,,,,,18509,,,,,0,0,,,,False,False,False
2013-11-11,0,26,,0,,,,,18533,,,,,0,0,,,,False,False,False
2013-11-12,0,27,,0,,,,,18557,,,,,0,0,,,,False,False,False
2013-11-13,0,27,,0,,,,,18581,,,,,0,0,,,,False,False,False
2013-11-14,0,27,,0,,,,,18605,,,,,0,0,,,,False,False,False
2013-11-15,0,27,,0,,,,,18629,,,,,0,0,,,,False,False,False
2013-11-16,0,26,,0,,,,,18653,,,,,0,0,,,,False,False,False
2013-11-17,0,27,,0,,,,,18677,,,,,0,0,,,,False,False,False
2013-11-18,0,30,,0,,,,,18701,,,,,0,0,,,,False,False,False
2013-11-19,0,28,,0,,,,,18725,,,,,0,0,,,,False,False,False
2013-11-20,0,27,,0,,,,,18749,,,,,0,0,,,,False,False,False
2013-11-21,0,28,,0,,,,,18773,,,,,0,0,,,,False,False,False
2013-11-22,0,27,,0,,,,,18797,,,,,0,0,,,,False,False,False
2013-11-23,0,26,,0,,,,,18821,,,,,0,0,,,,False,False,False
2013-11-24,0,26,,0,,,,,18845,,,,,0,0,,,,False,False,False
2013-11-25,0,27,,0,,,,,18869,,,,,0,0,,,,False,False,False
2013-11-26,0,27,,0,,,,,18893,,,,,0,0,,,,False,False,False
2013-11-27,0,28,,0,,,,,18917,,,,,0,0,,,,False,False,False
2013-11-28,0,28,,0,,,,,18941,,,,,0,0,,,,False,False,False
2013-11-29,0,27,,0,,,,,18965,,,,,0,0,,,,False,False,False
2013-11-30,0,27,,0,,,,,18989,,,,,0,0,,,,False,False,False
2013-12-01,0,27,,0,,,,,19013,,,,,0,0,,,,False,False,False
2013-12-02,0,27,,0,,,,,19037,,,,,0,0,,,,False,False,False
2013-12-03,0,28,,0,,,,,19061,,,,,0,0,,,,False,False,False
2013-12-04,0,27,,0,,,,,19085,,,,,0,0,,,,False,False,False
2013-12-05,0,27,,0,,,,,19109,,,,,0,0,,,,False,False,False
2013-12-06,0,29,,0,,,,,19133,,,,,0,0,,,,False,False,False
2013-12-07,0,29,,0,,,,,19157,,,,,0,0,,,,False,False,False
2013-12-08,0,28,,0,,,,,19181,,,,,0,0,,,,False,False,False
2013-12-09,0,28,,0,,,,,19205,,,,,0,0,,,,False,False,False
2013-12-10,0,29,,0,,,,,19229,,,,,0,0,,,,False,False,False
2013-12-11,0,27,,0,,,,,19253,,,,,0,0,,,,False,False,False
2013-12-12,0,27,,0,,,,,19277,,,,,0,0,,,,False,False,False
2013-12-13,0,29,,0,,,,,19301,,,,,0,0,,,,False,False,False
2013-12-14,0,29,,0,,,,,19325,,,,,0,0,,,,False,False,False
2013-12-15,0,28,,0,,,,,19349,,,,,0,0,,,,False,False,False
2013-12-16,0,29,,0,,,,,19373,,,,,0,0,,,,False,False,False
2013-12-17,0,29,,0,,,,,19397,,,,,0,0,,,,False,False,False
2013-12-18,0,29,,0,,,,,19418,,,,,0,0,,,,False,False,False
2013-12-19,0,29,,0,,,,,19443,,,,,0,0,,,,False,False,False
2013-12-20,0,28,,0,,,,,19466,,,,,0,0,,,,False,False,False
2013-12-21,0,29,,0,,,,,19490,,,,,0,0,,,,False,False,False
2013-12-22,0,29,,0,,,,,19514,,,,,0,0,,,,False,False,False
2013-12-23,0,29,,0,,,,,19538,,,,,0,0,,,,False,False,False
2013-12-24,0,29,,0,,,,,19562,,,,,0,0,,,,False,False,False
2013-12-25,0,29,,0,,,,,19586,,,,,0,0,,,,False,False,False
2013-12-26,0,30,,0,,,,,19610,,,,,0,0,,,,False,False,False
2013-12-27,0,29,,0,,,,,19634,,,,,0,0,,,,False,False,False
2013-12-28,0,28,,0,,,,,19658,,,,,0,0,,,,False,False,False
2013-12-29,0,29,,0,,,,,19682,,,,,0,0,,,,False,False,False
2013-12-30,0,28,,0,,,,,19706,,,,,0,0,,,,False,False,False
2013-12-31,0,28,,0,,,,,19731,,,,,0,0,,,,False,False,False
2014-01-01,0,28,,0,,,,,19755,,,,,0,0,,,,False,False,False
2014-01-02,0,28,,0,,,,,19778,,,,,0,0,,,,False,False,False
2014-01-03,0,29,,65536,,,,,19803,,,,,0,0,,,,False,False,False
2014-01-04,0,29,,0,,,,,19827,,,,,0,0,,,,False,False,False
2014-01-05,0,29,,0,,,,,19850,,,,,0,0,,,,False,False,False
2014-01-06,0,29,,0,,,,,19875,,,,,0,0,,,,False,False,False
2014-01-07,0,29,,0,,,,,19898,,,,,0,0,,,,False,False,False
2014-01-08,0,29,,0,,,,,19922,,,,,0,0,,,,False,False,False
2014-01-09,0,29,,0,,,,,19946,,,,,0,0,,,,False,False,False
2014-01-10,0,29,,0,,,,,19971,,,,,0,0,,,,False,False,False
2014-01-11,0,29,,0,,,,,19994,,,,,0,0,,,,False,False,False
2014-01-12,0,30,,0,,,,,20019,,,,,0,0,,,,False,False,False
2014-01-13,0,28,,0,,,,,20043,,,,,0,0,,,,False,False,False
2014-01-14,0,29,,0,,,,,20067,,,,,0,0,,,,False,False,False
2014-01-15,0,29,,0,,,,,20091,,,,,0,0,,,,False,False,False
2014-01-16,0,29,,0,,,,,20114,,,,,0,0,,,,False,False,False
2014-01-17,0,29,,0,,,,,20139,,,,,0,0,,,,False,False,False
2014-01-18,0,29,,0,,,,,20163,,,,,0,0,,,,False,False,False
2014-01-19,0,29,,0,,,,,20186,,,,,0,0,,,,False,False,False
2014-01-20,0,29,,0,,,,,20210,,,,,0,0,,,,False,False,False
2014-01-21,0,29,,0,,,,,20235,,,,,0,0,,,,False,False,False
2014-01-22,0,29,,0,,,,,20259,,,,,0,0,,,,False,False,False
2014-01-23,0,29,,0,,,,,20283,,,,,0,0,,,,False,False,False
2014-01-24,0,29,,0,,,,,20306,,,,,0,0,,,,False,False,False
2014-01-25,0,28,,0,,,,,20331,,,,,0,0,,,,False,False,False
2014-01-26,0,29,,0,,,,,20355,,,,,0,0,,,,False,False,False
2014-01-27,0,29,,0,,,,,20378,,,,,0,0,,,,False,False,False
2014-01-28,0,29,,0,,,,,20403,,,,,0,0,,,,False,False,False
2014-01-29,0,29,,0,,,,,20426,,,,,0,0,,,,False,False,False
2014-01-30,0,29,,0,,,,,20450,,,,,0,0,,,,False,False,False
2014-01-31,0,29,,0,,,,,20475,,,,,0,0,,,,False,False,False
2014-02-01,0,29,,0,,,,,20499,,,,,0,0,,,,False,False,False
2014-02-02,0,29,,0,,,,,20522,,,,,0,0,,,,False,False,False
2014-02-03,0,29,,0,,,,,20547,,,,,0,0,,,,False,False,False
2014-02-04,0,29,,0,,,,,20571,,,,,0,0,,,,False,False,False
2014-02-05,0,29,,0,,,,,20595,,,,,0,0,,,,False,False,False
2014-02-06,0,29,,1,,,,,20619,,,,,0,0,,,,False,False,False
2014-02-07,0,29,,0,,,,,20643,,,,,0,0,,,,False,False,False
2014-02-08,0,29,,0,,,,,20667,,,,,0,0,,,,False,False,False
2014-02-09,0,29,,0,,,,,20691,,,,,0,0,,,,False,False,False
2014-02-10,0,29,,0,,,,,20714,,,,,0,0,,,,False,False,False
2014-02-11,0,29,,0,,,,,20738,,,,,0,0,,,,False,False,False
2014-02-12,0,29,,0,,,,,20763,,,,,0,0,,,,False,False,False
2014-02-13,0,30,,0,,,,,20787,,,,,0,0,,,,False,False,False
2014-02-14,0,30,0,0,11,11,0,714,20810,0,0,714,560,0,0,0,0,0,False,False,False
2014-02-15,0,30,0,0,11,11,0,714,20835,0,0,714,560,0,0,0,0,0,False,False,False
2014-02-16,0,29,0,0,11,11,0,715,20858,0,0,715,560,0,0,0,0,0,False,False,False
2014-02-17,0,29,0,0,11,11,0,716,20882,0,0,716,560,0,0,0,0,0,False,False,False
2014-02-18,0,29,0,0,11,11,0,717,20907,0,0,717,560,0,0,0,0,0,False,False,False
2014-02-19,0,29,0,0,11,11,0,718,20930,0,0,718,560,0,0,0,0,0,False,False,False
2014-02-20,0,30,0,0,11,11,0,719,20954,0,0,719,560,0,0,0,0,0,False,False,False
2014-02-21,0,28,0,0,11,11,0,720,20978,0,0,720,560,0,0,0,0,0,False,False,False
2014-02-22,0,29,0,0,11,11,0,721,21002,0,0,721,560,0,0,0,0,0,False,False,False
2014-02-23,0,29,0,0,11,11,0,722,21026,0,0,722,560,0,0,0,0,0,False,False,False
2014-02-24,0,28,0,0,11,11,0,723,21050,0,0,723,560,0,0,0,0,0,False,False,False
2014-02-25,0,29,0,0,11,11,0,724,21075,0,0,724,560,0,0,0,0,0,False,False,False
2014-02-26,0,29,0,0,11,11,0,725,21098,0,0,725,560,0,0,0,0,0,False,False,False
2014-02-27,0,30,0,0,11,11,0,726,21122,0,0,726,560,0,0,0,0,0,False,False,False
2014-02-28,0,29,0,0,12,12,0,727,21146,0,0,727,560,0,0,0,0,0,False,False,False
2014-03-01,0,29,0,0,12,12,0,728,21170,0,0,728,560,0,0,0,0,0,False,False,False
2014-03-02,0,29,0,0,12,12,0,729,21194,0,0,729,560,0,0,0,0,0,False,False,False
2014-03-03,0,29,0,0,12,12,0,730,21218,0,0,730,560,0,0,0,0,0,False,False,False
2014-03-04,0,29,0,0,12,12,0,731,21242,0,0,731,560,0,0,0,0,0,False,False,False
2014-03-05,0,29,0,0,12,12,0,732,21266,0,0,732,560,0,0,0,0,0,False,False,False
2014-03-06,0,29,0,0,12,12,0,733,21290,0,0,733,560,0,0,0,0,0,False,False,False
2014-03-07,0,29,0,0,12,12,0,734,21314,0,0,734,560,0,0,0,0,0,False,False,False
2014-03-08,0,29,0,0,12,12,0,735,21338,0,0,735,560,0,0,0,0,0,False,False,False
2014-03-09,0,29,0,0,12,12,0,736,21362,0,0,736,560,0,0,0,0,0,False,False,False
2014-03-10,0,30,0,0,12,12,0,737,21386,0,0,737,560,0,0,0,0,0,False,False,False
2014-03-11,0,30,0,0,12,12,0,737,21409,0,0,737,560,0,0,0,0,0,False,False,False
2014-03-12,0,29,0,0,12,12,0,738,21433,0,0,738,560,0,0,0,0,0,False,False,False
2014-03-13,0,29,0,0,12,12,0,739,21457,0,0,739,560,0,0,0,0,0,False,False,False
2014-03-14,0,29,0,0,12,12,0,740,21481,0,0,740,560,0,0,0,0,0,False,False,False
2014-03-15,0,29,0,0,12,12,0,741,21505,0,0,741,560,0,0,0,0,0,False,False,False
2014-03-16,0,29,0,0,12,12,0,742,21529,0,0,742,560,0,0,0,0,0,False,False,False
2014-03-17,0,29,0,0,12,12,0,743,21553,0,0,743,560,0,0,0,0,0,False,False,False
2014-03-18,0,29,0,0,12,12,0,744,21577,0,0,744,560,0,0,0,0,0,False,False,False
2014-03-19,0,29,0,0,12,12,0,745,21601,0,0,745,560,0,0,0,0,0,False,False,False
2014-03-20,0,29,0,0,12,12,0,746,21625,0,0,746,560,0,0,0,0,0,False,False,False
2014-03-21,0,29,0,0,12,12,0,747,21649,0,0,747,560,0,0,0,0,0,False,False,False
2014-03-22,0,29,0,0,12,12,0,748,21673,0,0,748,560,0,0,0,0,0,False,False,False
2014-03-23,0,29,0,0,12,12,0,749,21697,0,0,749,560,0,0,0,0,0,False,False,False
2014-03-24,0,29,0,0,12,12,0,750,21721,0,0,750,560,0,0,0,0,0,False,False,False
2014-03-25,0,29,0,0,12,12,0,751,21745,0,0,751,560,0,0,0,0,0,False,False,False
2014-03-26,0,30,0,0,12,12,0,752,21769,0,0,752,560,0,0,0,0,0,False,False,False
2014-03-27,0,29,0,0,12,12,0,753,21793,0,0,753,560,0,0,0,0,0,False,False,False
2014-03-28,0,29,0,0,12,12,0,753,21817,0,0,753,560,0,0,0,0,0,False,False,False
2014-03-29,0,29,0,0,12,12,0,754,21841,0,0,754,560,0,0,0,0,0,False,False,False
2014-03-30,0,29,0,0,12,12,0,755,21865,0,0,755,560,0,0,0,0,0,False,False,False
2014-03-31,0,29,0,0,12,12,0,756,21889,0,0,756,560,0,0,0,0,0,False,False,False
2014-04-01,0,29,0,0,12,12,0,757,21913,0,0,757,560,0,0,0,0,0,False,False,False
2014-04-02,0,29,0,0,12,12,0,758,21937,0,0,758,560,0,0,0,0,0,False,False,False
2014-04-03,0,29,0,0,12,12,0,759,21961,0,0,759,560,0,0,0,0,0,False,False,False
2014-04-04,0,29,0,0,12,12,0,760,21985,0,0,760,560,0,0,0,0,0,False,False,False
2014-04-05,0,29,0,0,12,12,0,761,22009,0,0,761,560,0,0,0,0,0,False,False,False
2014-04-06,0,29,0,0,12,12,0,762,22033,0,0,762,560,0,0,0,0,0,False,False,False
2014-04-07,0,29,0,0,12,12,0,763,22057,0,0,763,560,0,0,0,0,0,False,False,False
2014-04-08,0,29,0,0,12,12,0,764,22080,0,0,764,560,0,0,0,0,0,False,False,False
2014-04-09,0,29,0,0,12,12,0,765,22105,0,0,765,560,0,0,0,0,0,False,False,False
2014-04-10,0,30,0,0,12,12,0,766,22129,0,0,766,560,0,0,0,0,0,False,False,False
2014-04-11,0,30,0,0,12,12,0,767,22153,0,0,767,560,0,0,0,0,0,False,False,False
2014-04-12,0,29,0,0,12,12,0,768,22177,0,0,768,560,0,0,0,0,0,False,False,False
2014-04-13,0,30,0,0,12,12,0,768,22201,0,0,768,560,0,0,0,0,0,False,False,False
2014-04-14,0,30,0,0,12,12,0,769,22225,0,0,769,560,0,0,0,0,0,False,False,False
2014-04-15,0,30,0,0,12,12,0,770,22249,0,0,770,560,0,0,0,0,0,False,False,False
2014-04-16,0,30,0,0,12,12,0,771,22273,0,0,771,560,0,0,0,0,0,False,False,False
2014-04-17,0,30,0,0,12,12,0,772,22297,0,0,772,560,0,0,0,0,0,False,False,False
2014-04-18,0,29,0,0,12,12,0,773,22321,0,0,773,560,0,0,0,0,0,False,False,False
2014-04-19,0,29,0,0,12,12,0,774,22345,0,0,774,560,0,0,0,0,0,False,False,False
2014-04-20,0,30,0,0,12,12,0,775,22369,0,0,775,560,0,0,0,0,0,False,False,False
2014-04-21,0,30,0,0,12,12,0,776,22393,0,0,776,560,0,0,0,0,0,False,False,False
2014-04-22,0,30,0,0,12,12,0,777,22417,0,0,777,560,0,0,0,0,0,False,False,False
2014-04-23,0,29,0,0,12,12,0,777,22441,0,0,777,560,0,0,0,0,0,False,False,False
2014-04-24,0,29,0,0,12,12,0,778,22465,0,0,778,560,0,0,0,0,0,False,False,False
2014-04-25,0,30,0,0,12,12,0,779,22489,0,0,779,560,0,0,0,0,0,False,False,False
2014-04-26,0,29,0,0,12,12,0,780,22513,0,0,780,560,0,0,0,0,0,False,False,False
2014-04-27,0,29,0,0,12,12,0,781,22537,0,0,781,560,0,0,0,0,0,False,False,False
2014-04-28,0,29,0,0,12,12,0,782,22561,0,0,782,560,0,0,0,0,0,False,False,False
2014-04-29,0,29,0,0,12,12,0,783,22585,0,0,783,560,0,0,0,0,0,False,False,False
2014-04-30,0,30,0,0,12,12,0,784,22609,0,0,784,560,0,0,0,0,0,False,False,False
2014-05-01,0,30,0,0,12,12,0,785,22633,0,0,785,560,0,0,0,0,0,False,False,False
2014-05-02,0,30,0,0,12,12,0,786,22657,0,0,786,560,0,0,0,0,0,False,False,False
2014-05-03,0,29,0,0,12,12,0,787,22681,0,0,787,560,0,0,0,0,0,False,False,False
2014-05-04,0,30,0,0,12,12,0,788,22705,0,0,788,560,0,0,0,0,0,False,False,False
2014-05-05,0,30,0,0,12,12,0,789,22729,0,0,789,560,0,0,0,0,0,False,False,False
2014-05-06,0,27,0,0,12,12,0,790,22753,0,0,790,560,0,0,0,0,0,False,False,False
2014-05-07,0,27,0,0,12,12,0,791,22777,0,0,791,560,0,0,0,0,0,False,False,False
2014-05-08,0,27,0,1,12,12,0,792,22801,0,0,792,560,0,0,0,0,0,False,False,False
2014-05-09,0,27,0,0,12,12,0,793,22825,0,0,793,560,0,0,0,0,0,False,False,False
2014-05-10,0,27,0,0,12,12,0,794,22849,0,0,794,560,0,0,0,0,0,False,False,False
2014-05-11,0,27,0,0,12,12,0,795,22873,0,0,795,560,0,0,0,0,0,False,False,False
2014-05-12,0,27,0,0,12,12,0,796,22897,0,0,796,560,0,0,0,0,0,False,False,False
2014-05-13,0,27,0,0,12,12,0,797,22921,0,0,797,560,0,0,0,0,0,False,False,False
2014-05-14,0,27,0,0,12,12,0,797,22945,0,0,797,560,0,0,0,0,0,False,False,False
2014-05-15,0,27,0,0,12,12,0,798,22969,0,0,798,560,0,0,0,0,0,False,False,False
2014-05-16,0,27,0,0,12,12,0,799,22993,0,0,799,560,0,0,0,0,0,False,False,False
2014-05-17,0,27,0,0,12,12,0,800,23017,0,0,800,560,0,0,0,0,0,False,False,False
2014-05-18,0,27,0,0,12,12,0,801,23041,0,0,801,560,0,0,0,0,0,False,False,False
2014-05-19,0,27,0,0,12,12,0,802,23065,0,0,802,560,0,0,0,0,0,False,False,False
2014-05-20,0,27,0,0,12,12,0,803,23089,0,0,803,560,0,0,0,0,0,False,False,False
2014-05-21,0,27,0,0,12,12,0,804,23113,0,0,804,560,0,0,0,0,0,False,False,False
2014-05-22,0,27,0,0,12,12,0,805,23137,0,0,805,560,0,0,0,0,0,False,False,False
2014-05-23,0,27,0,0,12,12,0,806,23161,0,0,806,560,0,0,0,0,0,False,False,False
2014-05-24,0,27,0,0,12,12,0,807,23185,0,0,807,560,0,0,0,0,0,False,False,False
2014-05-25,0,27,0,0,12,12,0,808,23209,0,0,808,560,0,0,0,0,0,False,False,False
2014-05-26,0,27,0,0,12,12,0,809,23233,0,0,809,560,0,0,0,0,0,False,False,False
2014-05-27,0,27,0,0,12,12,0,810,23257,0,0,810,560,0,0,0,0,0,False,False,False
2014-05-28,0,26,0,0,12,12,0,811,23281,0,0,811,560,0,0,0,0,0,False,False,False
2014-05-29,0,26,0,0,12,12,0,812,23305,0,0,812,560,0,0,0,0,0,False,False,False
2014-05-30,0,26,0,0,12,12,0,813,23329,0,0,813,560,0,0,0,0,0,False,False,False
2014-05-31,0,26,0,0,12,12,0,814,23353,0,0,814,560,0,0,0,0,0,False,False,False
2014-06-01,0,26,0,0,12,12,0,815,23377,0,0,815,560,0,0,0,0,0,False,False,False
2014-06-02,0,27,0,0,12,12,0,815,23401,0,0,815,560,0,0,0,0,0,False,False,False
2014-06-03,0,26,0,0,12,12,0,816,23425,0,0,816,560,0,0,0,0,0,False,False,False
2014-06-04,0,26,0,0,12,12,0,817,23449,0,0,817,560,0,0,0,0,0,False,False,False
2014-06-05,0,26,0,0,12,12,0,818,23473,0,0,818,560,0,0,0,0,0,False,False,False
2014-06-06,0,27,0,0,12,12,0,819,23497,0,0,819,560,0,0,0,0,0,False,False,False
2014-06-07,0,26,0,0,12,12,0,820,23521,0,0,820,560,0,0,0,0,0,False,False,False
2014-06-08,0,26,0,0,12,12,0,821,23545,0,0,821,560,0,0,0,0,0,False,False,False
2014-06-09,0,26,0,0,12,12,0,822,23569,0,0,822,560,0,0,0,0,0,False,False,False
2014-06-10,0,27,0,0,12,12,0,823,23593,0,0,823,560,0,0,0,0,0,False,False,False
2014-06-11,0,26,0,0,12,12,0,824,23617,0,0,824,560,0,0,0,0,0,False,False,False
2014-06-12,0,26,0,0,12,12,0,825,23641,0,0,825,560,0,0,0,0,0,False,False,False
2014-06-13,0,26,0,0,12,12,0,826,23665,0,0,826,560,0,0,0,0,0,False,False,False
2014-06-14,0,26,0,0,12,12,0,827,23689,0,0,827,560,0,0,0,0,0,False,False,False
2014-06-15,0,27,0,0,12,12,0,828,23713,0,0,828,560,0,0,0,0,0,False,False,False
2014-06-16,0,26,0,0,12,12,0,829,23737,0,0,829,560,0,0,0,0,0,False,False,False
2014-06-17,0,26,0,0,12,12,0,830,23761,0,0,830,560,0,0,0,0,0,False,False,False
2014-06-18,0,27,0,0,12,12,0,831,23785,0,0,831,560,0,0,0,0,0,False,False,False
2014-06-19,0,26,0,0,12,12,0,831,23802,0,0,831,560,0,0,0,0,0,False,False,False
2014-06-23,0,26,0,0,12,12,0,835,23905,0,0,835,560,0,0,0,0,0,False,False,False
2014-06-24,0,26,0,0,12,12,0,836,23929,0,0,836,560,0,0,0,0,0,False,False,False
2014-06-25,0,26,0,0,12,12,0,837,23953,0,0,837,560,0,0,0,0,0,False,False,False
2014-06-26,0,27,0,0,12,12,0,838,23977,0,0,838,560,0,0,0,0,0,False,False,False
2014-06-27,0,26,0,0,12,12,0,839,24001,0,0,839,560,0,0,0,0,0,False,False,False
2014-06-28,0,26,0,0,12,12,0,840,24025,0,0,840,560,0,0,0,0,0,False,False,False
2014-06-29,0,26,0,0,12,12,0,840,24049,0,0,840,560,0,0,0,0,0,False,False,False
2014-06-30,0,27,0,0,12,12,0,841,24073,0,0,841,560,0,0,0,0,0,False,False,False
2014-07-01,0,26,0,0,12,12,0,842,24097,0,0,842,560,0,0,0,0,0,False,False,False
2014-07-02,0,26,0,0,12,12,0,843,24121,0,0,843,560,0,0,0,0,0,False,False,False
2014-07-03,0,26,0,0,12,12,0,844,24145,0,0,844,560,0,0,0,0,0,False,False,False
2014-07-04,0,26,0,0,12,12,0,845,24169,0,0,845,560,0,0,0,0,0,False,False,False
2014-07-05,0,27,0,0,12,12,0,846,24193,0,0,846,560,0,0,0,0,0,False,False,False
2014-07-06,0,27,0,0,12,12,0,847,24217,0,0,847,560,0,0,0,0,0,False,False,False
2014-07-07,0,26,0,0,12,12,0,848,24241,0,0,848,560,0,0,0,0,0,False,False,False
2014-07-08,0,26,0,0,12,12,0,849,24265,0,0,849,560,0,0,0,0,0,False,False,False
2014-07-09,0,27,0,0,12,12,0,850,24289,0,0,850,560,0,0,0,0,0,False,False,False
2014-07-10,0,27,0,0,12,12,0,851,24313,0,0,851,560,0,0,0,0,0,False,False,False
2014-07-11,0,28,0,0,12,12,0,852,24337,0,0,852,560,0,0,0,0,0,False,False,False
2014-07-12,0,28,0,0,12,12,0,853,24361,0,0,853,560,0,0,0,0,0,False,False,False
2014-07-13,0,28,0,0,12,12,0,854,24385,0,0,854,560,0,0,0,0,0,False,False,False
2014-07-14,0,28,0,0,12,12,0,855,24409,0,0,855,560,0,0,0,0,0,False,False,False
2014-07-15,0,28,0,65536,12,12,0,856,24433,0,0,856,560,0,0,0,0,0,False,False,False
2014-07-16,0,28,0,0,12,12,0,857,24457,0,0,857,560,0,0,0,0,0,False,False,False
2014-07-17,0,28,0,0,12,12,0,858,24481,0,0,858,560,0,0,0,0,0,False,False,False
2014-07-18,0,28,0,0,12,12,0,859,24505,0,0,859,560,0,0,0,0,0,False,False,False
2014-07-19,0,28,0,0,12,12,0,860,24529,0,0,860,560,0,0,0,0,0,False,False,False
2014-07-20,0,28,0,1,12,12,0,861,24553,0,0,861,560,0,0,0,0,0,False,False,False
2014-07-21,0,28,0,0,12,12,0,861,24577,0,0,861,560,0,0,0,0,0,False,False,False
2014-07-22,0,28,0,0,12,12,0,862,24601,0,0,862,560,0,0,0,0,0,False,False,False
2014-07-23,0,28,0,0,12,12,0,863,24625,0,0,863,560,0,0,0,0,0,False,False,False
2014-07-24,0,28,0,0,12,12,0,864,24649,0,0,864,560,0,0,0,0,0,False,False,False
2014-07-25,0,28,0,0,12,12,0,865,24673,0,0,865,560,0,0,0,0,0,False,False,False
2014-07-26,0,28,0,0,12,12,0,866,24697,0,0,866,560,0,0,0,0,0,False,False,False
2014-07-27,0,28,0,0,12,12,0,867,24721,0,0,867,560,0,0,0,0,0,False,False,False
2014-07-28,0,29,0,0,12,12,0,868,24745,0,0,868,560,0,0,0,0,0,False,False,False
2014-07-29,0,29,0,0,12,12,0,869,24769,0,0,869,560,0,0,0,0,0,False,False,False
2014-07-30,0,27,0,0,12,12,0,870,24793,0,0,870,560,0,0,0,0,0,False,False,False
2014-07-31,0,26,0,0,12,12,0,871,24817,0,0,871,560,0,0,0,0,0,False,False,False
2014-08-01,0,27,0,0,12,12,0,872,24841,0,0,872,560,0,0,0,0,0,False,False,False
2014-08-02,0,27,0,0,12,12,0,873,24865,0,0,873,560,0,0,0,0,0,False,False,False
2014-08-03,0,27,0,0,12,12,0,874,24889,0,0,874,560,0,0,0,0,0,False,False,False
2014-08-04,0,27,0,0,12,12,0,875,24913,0,0,875,560,0,0,0,0,0,False,False,False
2014-08-05,0,27,0,0,12,12,0,876,24937,0,0,876,560,0,0,0,0,0,False,False,False
2014-08-06,0,28,0,65536,12,12,0,877,24961,0,0,877,560,0,0,0,0,0,False,False,False
2014-08-07,0,27,0,0,12,12,0,878,24985,0,0,878,560,0,0,0,0,0,False,False,False
2014-08-08,0,27,0,0,12,12,0,879,25009,0,0,879,560,0,0,0,0,0,False,False,False
2014-08-09,0,27,0,0,12,12,0,879,25033,0,0,879,560,0,0,0,0,0,False,False,False
2014-08-10,0,27,0,0,12,12,0,880,25057,0,0,880,560,0,0,0,0,0,False,False,False
2014-08-11,0,27,0,0,12,12,0,881,25081,0,0,881,560,0,0,0,0,0,False,False,False
2014-08-12,0,27,0,0,12,12,0,882,25105,0,0,882,560,0,0,0,0,0,False,False,False
2014-08-13,0,26,0,0,12,12,0,883,25129,0,0,883,560,0,0,0,0,0,False,False,False
2014-08-14,0,27,0,0,12,12,0,884,25153,0,0,884,560,0,0,0,0,0,False,False,False
2014-08-15,0,26,0,0,12,12,0,885,25177,0,0,885,560,0,0,0,0,0,False,False,False
2014-08-16,0,26,0,0,12,12,0,886,25201,0,0,886,560,0,0,0,0,0,False,False,False
2014-08-17,0,26,0,0,12,12,0,887,25225,0,0,887,560,0,0,0,0,0,False,False,False
2014-08-18,0,26,0,0,12,12,0,888,25249,0,0,888,560,0,0,0,0,0,False,False,False
2014-08-19,0,26,0,0,12,12,0,889,25273,0,0,889,560,0,0,0,0,0,False,False,False
2014-08-20,0,28,0,0,12,12,0,890,25297,0,0,890,560,0,0,0,0,0,False,False,False
2014-08-21,0,27,0,0,12,12,0,891,25321,0,0,891,560,0,0,0,0,0,False,False,False
2014-08-22,0,29,0,0,12,12,0,892,25345,0,0,892,560,0,0,0,0,0,False,False,False
2014-08-23,0,29,0,0,12,12,0,893,25369,0,0,893,560,0,0,0,0,0,False,False,False
2014-08-24,0,29,0,0,12,12,0,894,25393,0,0,894,560,0,0,0,0,0,False,False,False
2014-08-25,0,28,0,0,12,12,0,895,25417,0,0,895,560,0,0,0,0,0,False,False,False
2014-08-26,0,29,0,0,12,12,0,896,25441,0,0,896,560,0,0,0,0,0,False,False,False
2014-08-27,0,29,0,0,12,12,0,897,25465,0,0,897,560,0,0,0,0,0,False,False,False
2014-08-28,0,29,0,0,12,12,0,898,25489,0,0,898,560,0,0,0,0,0,False,False,False
2014-08-29,0,29,0,0,12,12,0,898,25513,0,0,898,560,0,0,0,0,0,False,False,False
2014-08-30,0,29,0,0,12,12,0,899,25537,0,0,899,560,0,0,0,0,0,False,False,False
2014-08-31,0,29,0,0,12,12,0,900,25561,0,0,900,560,0,0,0,0,0,False,False,False
2014-09-01,0,29,0,0,12,12,0,901,25585,0,0,901,560,0,0,0,0,0,False,False,False
2014-09-02,0,29,0,0,12,12,0,902,25609,0,0,902,560,0,0,0,0,0,False,False,False
2014-09-03,0,29,0,0,12,12,0,903,25633,0,0,903,560,0,0,0,0,0,False,False,False
2014-09-04,0,29,0,0,12,12,0,904,25657,0,0,904,560,0,0,0,0,0,False,False,False
2014-09-05,0,29,0,0,12,12,0,905,25681,0,0,905,560,0,0,0,0,0,False,False,False
2014-09-06,0,29,0,0,12,12,0,906,25705,0,0,906,560,0,0,0,0,0,False,False,False
2014-09-07,0,28,0,0,12,12,0,907,25729,0,0,907,560,0,0,0,0,0,False,False,False
2014-09-08,0,29,0,0,12,12,0,908,25753,0,0,908,560,0,0,0,0,0,False,False,False
2014-09-09,0,29,0,0,12,12,0,909,25777,0,0,909,560,0,0,0,0,0,False,False,False
2014-09-10,0,29,0,0,12,12,0,910,25801,0,0,910,560,0,0,0,0,0,False,False,False
2014-09-11,0,29,0,0,12,12,0,911,25825,0,0,911,560,0,0,0,0,0,False,False,False
2014-09-12,0,29,0,0,12,12,0,912,25849,0,0,912,560,0,0,0,0,0,False,False,False
2014-09-13,0,29,0,0,12,12,0,913,25873,0,0,913,560,0,0,0,0,0,False,False,False
2014-09-14,0,29,0,0,12,12,0,914,25897,0,0,914,560,0,0,0,0,0,False,False,False
2014-09-15,0,29,0,0,12,12,0,915,25921,0,0,915,560,0,0,0,0,0,False,False,False
2014-09-16,0,29,0,0,12,12,0,915,25945,0,0,915,560,0,0,0,0,0,False,False,False
2014-09-17,0,29,0,0,12,12,0,916,25969,0,0,916,560,0,0,0,0,0,False,False,False
2014-09-18,0,29,0,0,12,12,0,917,25993,0,0,917,560,0,0,0,0,0,False,False,False
2014-09-19,0,30,0,0,12,12,0,918,26017,0,0,918,560,0,0,0,0,0,False,False,False
2014-09-20,0,30,0,0,12,12,0,919,26041,0,0,919,560,0,0,0,0,0,False,False,False
2014-09-21,0,29,0,0,12,12,0,920,26065,0,0,920,560,0,0,0,0,0,False,False,False
2014-09-22,0,29,0,0,12,12,0,921,26089,0,0,921,560,0,0,0,0,0,False,False,False
2014-09-23,0,29,0,0,12,12,0,922,26113,0,0,922,560,0,0,0,0,0,False,False,False
2014-09-24,0,29,0,0,12,12,0,923,26137,0,0,923,560,0,0,0,0,0,False,False,False
2014-09-25,0,29,0,0,12,12,0,924,26161,0,0,924,560,0,0,0,0,0,False,False,False
2014-09-26,0,29,0,0,12,12,0,925,26185,0,0,925,560,0,0,0,0,0,False,False,False
2014-09-27,0,29,0,0,12,12,0,926,26209,0,0,926,560,0,0,0,0,0,False,False,False
2014-09-28,0,29,0,0,12,12,0,927,26233,0,0,927,560,0,0,0,0,0,False,False,False
2014-09-29,0,29,0,0,12,12,0,928,26257,0,0,928,560,0,0,0,0,0,False,False,False
2014-09-30,0,29,0,0,12,12,0,929,26281,0,0,929,560,0,0,0,0,0,False,False,False
2014-10-01,0,29,0,0,12,12,0,930,26305,0,0,930,560,0,0,0,0,0,False,False,False
2014-10-02,0,29,0,0,12,12,0,930,26329,0,0,930,560,0,0,0,0,0,False,False,False
2014-10-03,0,29,0,0,12,12,0,931,26353,0,0,931,560,0,0,0,0,0,False,False,False
2014-10-04,0,29,0,0,12,12,0,932,26377,0,0,932,560,0,0,0,0,0,False,False,False
2014-10-05,0,29,0,0,12,12,0,933,26401,0,0,933,560,0,0,0,0,0,False,False,False
2014-10-06,0,29,0,0,12,12,0,934,26425,0,0,934,560,0,0,0,0,0,False,False,False
2014-10-07,0,29,0,0,12,12,0,935,26449,0,0,935,560,0,0,0,0,0,False,False,False
2014-10-08,0,29,0,0,12,12,0,936,26473,0,0,936,560,0,0,0,0,0,False,False,False
2014-10-09,0,29,0,0,12,12,0,937,26497,0,0,937,560,0,0,0,0,0,False,False,False
2014-10-10,0,29,0,0,12,12,0,938,26521,0,0,938,560,0,0,0,0,0,False,False,False
2014-10-11,0,29,0,0,12,12,0,939,26545,0,0,939,560,0,0,0,0,0,False,False,False
2014-10-12,0,29,0,0,12,12,0,940,26569,0,0,940,560,0,0,0,0,0,False,False,False
2014-10-13,0,29,0,0,12,12,0,941,26593,0,0,941,560,0,0,0,0,0,False,False,False
2014-10-14,0,29,0,0,12,12,0,942,26617,0,0,942,560,0,0,0,0,0,False,False,False
2014-10-15,0,29,0,0,12,12,0,943,26641,0,0,943,560,0,0,0,0,0,False,False,False
2014-10-16,0,29,0,0,12,12,0,943,26665,0,0,943,560,0,0,0,0,0,False,False,False
2014-10-17,0,29,0,0,12,12,0,944,26689,0,0,944,560,0,0,0,0,0,False,False,False
2014-10-18,0,29,0,0,12,12,0,945,26713,0,0,945,560,0,0,0,0,0,False,False,False
2014-10-19,0,28,0,0,12,12,0,946,26737,0,0,946,560,0,0,0,0,0,False,False,False
2014-10-20,0,29,0,0,12,12,0,947,26761,0,0,947,560,0,0,0,0,0,False,False,False
2014-10-21,0,29,0,0,12,12,0,948,26785,0,0,948,560,0,0,0,0,0,False,False,False
2014-10-22,0,28,0,0,12,12,0,949,26809,0,0,949,560,0,0,0,0,0,False,False,False
2014-10-23,0,28,0,0,12,12,0,950,26833,0,0,950,560,0,0,0,0,0,False,False,False
2014-10-24,0,28,0,0,12,12,0,951,26857,0,0,951,560,0,0,0,0,0,False,False,False
2014-10-25,0,28,0,0,12,12,0,952,26881,0,0,952,560,0,0,0,0,0,False,False,False
2014-10-26,0,28,0,0,12,12,0,953,26905,0,0,953,560,0,0,0,0,0,False,False,False
2014-10-27,0,28,0,0,12,12,0,954,26929,0,0,954,560,0,0,0,0,0,False,False,False
2014-10-28,0,29,0,0,12,12,0,955,26953,0,0,955,560,0,0,0,0,0,False,False,False
2014-10-29,0,29,0,0,12,12,0,956,26977,0,0,956,560,0,0,0,0,0,False,False,False
2014-10-30,0,28,0,0,12,12,0,957,27001,0,0,957,560,0,0,0,0,0,False,False,False
2014-10-31,0,29,0,0,12,12,0,958,27025,0,0,958,560,0,0,0,0,0,False,False,False
2014-11-01,0,30,0,0,12,12,0,959,27049,0,0,959,560,0,0,0,0,0,False,False,False
2014-11-03,0,30,0,0,12,12,0,960,27098,0,0,960,560,0,0,0,0,0,False,False,False
2014-11-04,0,27,0,0,12,12,0,961,27122,0,0,961,560,0,0,0,0,0,False,False,False
2014-11-05,0,27,0,0,12,12,0,962,27146,0,0,962,560,0,0,0,0,0,False,False,False
2014-11-06,0,27,0,0,12,12,0,963,27170,0,0,963,560,0,0,0,0,0,False,False,False
2014-11-07,0,27,0,0,12,12,0,964,27194,0,0,964,560,0,0,0,0,0,False,False,False
2014-11-08,0,27,0,0,12,12,0,965,27218,0,0,965,560,0,0,0,0,0,False,False,False
2014-11-09,0,28,0,0,12,12,0,966,27242,0,0,966,560,0,0,0,0,0,False,False,False
2014-11-10,0,28,0,0,12,12,0,967,27266,0,0,967,560,0,0,0,0,0,False,False,False
2014-11-11,0,28,0,0,12,12,0,968,27290,0,0,968,560,0,0,0,0,0,False,False,False
2014-11-12,0,27,0,0,12,12,0,969,27314,0,0,969,560,0,0,0,0,0,False,False,False
2014-11-13,0,28,0,0,12,12,0,970,27338,0,0,970,560,0,0,0,0,0,False,False,False
2014-11-14,0,28,0,0,12,12,0,971,27362,0,0,971,560,0,0,0,0,0,False,False,False
2014-11-15,0,28,0,0,12,12,0,972,27386,0,0,972,560,0,0,0,0,0,False,False,False
2014-11-16,0,27,0,0,12,12,0,973,27410,0,0,973,560,0,0,0,0,0,False,False,False
2014-11-17,0,27,0,0,12,12,0,973,27434,0,0,973,560,0,0,0,0,0,False,False,False
2014-11-18,0,28,0,0,12,12,0,974,27458,0,0,974,560,0,0,0,0,0,False,False,False
2014-11-19,0,28,0,0,12,12,0,975,27482,0,0,975,560,0,0,0,0,0,False,False,False
2014-11-20,0,28,0,0,12,12,0,976,27506,0,0,976,560,0,0,0,0,0,False,False,False
2014-11-21,0,28,0,0,12,12,0,977,27530,0,0,977,560,0,0,0,0,0,False,False,False
2014-11-22,0,28,0,0,12,12,0,978,27554,0,0,978,560,0,0,0,0,0,False,False,False
2014-11-23,0,28,0,0,12,12,0,979,27578,0,0,979,560,0,0,0,0,0,False,False,False
2014-11-24,0,27,0,0,12,12,0,980,27602,0,0,980,560,0,0,0,0,0,False,False,False
2014-11-25,0,28,0,0,12,12,0,981,27626,0,0,981,560,0,0,0,0,0,False,False,False
2014-11-26,0,26,0,0,12,12,0,982,27650,0,0,982,560,0,0,0,0,0,False,False,False
2014-11-27,0,27,0,0,12,12,0,983,27674,0,0,983,560,0,0,0,0,0,False,False,False
2014-11-28,0,27,0,0,12,12,0,984,27698,0,0,984,560,0,0,0,0,0,False,False,False
2014-11-29,0,28,0,0,12,12,0,984,27722,0,0,984,560,0,0,0,0,0,False,False,False
2014-11-30,0,28,0,0,12,12,0,985,27746,0,0,985,560,0,0,0,0,0,False,False,False
2014-12-01,0,27,0,0,12,12,0,986,27770,0,0,986,560,0,0,0,0,0,False,False,False
2014-12-02,0,27,0,0,12,12,0,987,27794,0,0,987,560,0,0,0,0,0,False,False,False
2014-12-03,0,28,0,0,12,12,0,988,27818,0,0,988,560,0,0,0,0,0,False,False,False
2014-12-04,0,28,0,0,12,12,0,989,27842,0,0,989,560,0,0,0,0,0,False,False,False
2014-12-05,0,27,0,0,12,12,0,990,27866,0,0,990,560,0,0,0,0,0,False,False,False
2014-12-06,0,28,0,0,12,12,0,991,27890,0,0,991,560,0,0,0,0,0,False,False,False
2014-12-07,0,28,0,0,12,12,0,992,27914,0,0,992,560,0,0,0,0,0,False,False,False
2014-12-08,0,27,0,0,12,12,0,993,27938,0,0,993,560,0,0,0,0,0,False,False,False
2014-12-09,0,27,0,0,12,12,0,994,27962,0,0,994,560,0,0,0,0,0,False,False,False
2014-12-10,0,27,0,0,12,12,0,995,27986,0,0,995,560,0,0,0,0,0,False,False,False
2014-12-11,0,27,0,0,12,12,0,996,28010,0,0,996,560,0,0,0,0,0,False,False,False
2014-12-12,0,27,0,0,12,12,0,997,28034,0,0,997,560,0,0,0,0,0,False,False,False
2014-12-13,0,28,0,0,12,12,0,998,28058,0,0,998,560,0,0,0,0,0,False,False,False
2014-12-14,0,27,0,0,12,12,0,999,28082,0,0,999,560,0,0,0,0,0,False,False,False
2014-12-15,0,27,0,0,12,12,0,999,28106,0,0,999,560,0,0,0,0,0,False,False,False
2014-12-16,0,27,0,0,12,12,0,1000,28130,0,0,1000,560,0,0,0,0,0,False,False,False
2014-12-17,0,28,0,0,12,12,0,1001,28154,0,0,1001,560,0,0,0,0,0,False,False,False
2014-12-18,0,28,0,0,12,12,0,1002,28178,0,0,1002,560,0,0,0,0,0,False,False,False
2014-12-19,0,28,0,0,12,12,0,1003,28202,0,0,1003,560,0,0,0,0,0,False,False,False
2014-12-20,0,27,0,0,12,12,0,1004,28226,0,0,1004,560,0,0,0,0,0,False,False,False
2014-12-21,0,28,0,0,12,12,0,1005,28250,0,0,1005,560,0,0,0,0,0,False,False,False
2014-12-22,0,28,0,0,12,12,0,1006,28274,0,0,1006,560,0,0,0,0,0,False,False,False
2014-12-23,0,28,0,0,12,12,0,1007,28298,0,0,1007,560,0,0,0,0,0,False,False,False
2014-12-24,0,28,0,0,12,12,0,1008,28322,0,0,1008,560,0,0,0,0,0,False,False,False
2014-12-25,0,28,0,0,12,12,0,1009,28346,0,0,1009,560,0,0,0,0,0,False,False,False
2014-12-26,0,28,0,0,12,12,0,1010,28370,0,0,1010,560,0,0,0,0,0,False,False,False
2014-12-27,0,28,0,0,12,12,0,1011,28394,0,0,1011,560,0,0,0,0,0,False,False,False
2014-12-28,0,28,0,0,12,12,0,1012,28418,0,0,1012,560,0,0,0,0,0,False,False,False
2014-12-29,0,28,0,0,12,12,0,1013,28442,0,0,1013,560,0,0,0,0,0,False,False,False
2014-12-30,0,28,0,0,12,12,0,1014,28466,0,0,1014,560,0,0,0,0,0,False,False,False
2014-12-31,0,28,0,0,12,12,0,1014,28490,0,0,1014,560,0,0,0,0,0,False,False,False
2015-01-01,0,28,0,0,12,12,0,1015,28514,0,0,1015,560,0,0,0,0,0,False,False,False
2015-01-02,0,28,0,0,12,12,0,1016,28538,0,0,1016,560,0,0,0,0,0,False,False,False
2015-01-03,0,28,0,0,12,12,0,1017,28562,0,0,1017,560,0,0,0,0,0,False,False,False
2015-01-04,0,28,0,0,12,12,0,1018,28586,0,0,1018,560,0,0,0,0,0,False,False,False
2015-01-05,0,28,0,0,12,12,0,1019,28610,0,0,1019,560,0,0,0,0,0,False,False,False
2015-01-06,0,26,0,0,12,12,0,1020,28634,0,0,1020,560,0,0,0,0,0,False,False,False
2015-01-07,0,26,0,0,12,12,0,1021,28658,0,0,1021,560,0,0,0,0,0,False,False,False
2015-01-08,0,27,0,0,12,12,0,1022,28682,0,0,1022,560,0,0,0,0,0,False,False,False
2015-01-09,0,27,0,65536,12,12,0,1023,28706,0,0,1023,560,0,0,0,0,0,False,False,False
2015-01-10,0,27,0,0,12,12,0,1024,28730,0,0,1024,560,0,0,0,0,0,False,False,False
2015-01-11,0,27,0,0,12,12,0,1024,28754,0,0,1024,560,0,0,0,0,0,False,False,False
2015-01-12,0,27,0,0,12,12,0,1025,28778,0,0,1025,560,0,0,0,0,0,False,False,False
2015-01-13,0,26,0,0,12,12,0,1026,28802,0,0,1026,560,0,0,0,0,0,False,False,False
2015-01-14,0,26,0,0,12,12,0,1027,28826,0,0,1027,560,0,0,0,0,0,False,False,False
2015-01-15,0,26,0,0,12,12,0,1028,28850,0,0,1028,560,0,0,0,0,0,False,False,False
2015-01-16,0,26,0,0,12,12,0,1029,28874,0,0,1029,560,0,0,0,0,0,False,False,False
2015-01-17,0,26,0,0,12,12,0,1030,28898,0,0,1030,560,0,0,0,0,0,False,False,False
2015-01-18,0,26,0,0,12,12,0,1031,28922,0,0,1031,560,0,0,0,0,0,False,False,False
2015-01-19,0,27,0,0,12,12,0,1032,28946,0,0,1032,560,0,0,0,0,0,False,False,False
2015-01-20,0,26,0,0,12,12,0,1033,28970,0,0,1033,560,0,0,0,0,0,False,False,False
2015-01-21,0,26,0,0,12,12,0,1033,28994,0,0,1033,560,0,0,0,0,0,False,False,False
2015-01-22,0,26,0,0,12,12,0,1034,29018,0,0,1034,560,0,0,0,0,0,False,False,False
2015-01-23,0,26,0,0,12,12,0,1035,29042,0,0,1035,560,0,0,0,0,0,False,False,False
2015-01-24,0,26,0,0,12,12,0,1036,29066,0,0,1036,560,0,0,0,0,0,False,False,False
2015-01-25,0,27,0,0,12,12,0,1037,29090,0,0,1037,560,0,0,0,0,0,False,False,False
2015-01-26,0,27,0,0,12,12,0,1038,29114,0,0,1038,560,0,0,0,0,0,False,False,False
2015-01-27,0,27,0,0,12,12,0,1039,29138,0,0,1039,560,0,0,0,0,0,False,False,False
2015-01-28,0,27,0,0,12,12,0,1040,29162,0,0,1040,560,0,0,0,0,0,False,False,False
2015-01-29,0,26,0,0,12,12,0,1041,29186,0,0,1041,560,0,0,0,0,0,False,False,False
2015-01-30,0,26,0,0,12,12,0,1042,29210,0,0,1042,560,0,0,0,0,0,False,False,False
2015-01-31,0,26,0,0,12,12,0,1043,29234,0,0,1043,560,0,0,0,0,0,False,False,False
2015-02-01,0,26,0,0,12,12,0,1044,29258,0,0,1044,560,0,0,0,0,0,False,False,False
2015-02-02,0,27,0,0,12,12,0,1045,29282,0,0,1045,560,0,0,0,0,0,False,False,False
2015-02-03,0,26,0,0,12,12,0,1046,29306,0,0,1046,560,0,0,0,0,0,False,False,False
2015-02-04,0,27,0,0,12,12,0,1047,29330,0,0,1047,560,0,0,0,0,0,False,False,False
2015-02-05,0,27,0,0,12,12,0,1048,29354,0,0,1048,560,0,0,0,0,0,False,False,False
2015-02-06,0,26,0,0,12,12,0,1049,29378,0,0,1049,560,0,0,0,0,0,False,False,False
2015-02-07,0,27,0,0,12,12,0,1050,29402,0,0,1050,560,0,0,0,0,0,False,False,False
2015-02-08,0,27,0,0,12,12,0,1050,29426,0,0,1050,560,0,0,0,0,0,False,False,False
2015-02-09,0,27,0,0,12,12,0,1051,29450,0,0,1051,560,0,0,0,0,0,False,False,False
2015-02-10,0,26,0,0,12,12,0,1053,29474,0,0,1053,560,0,0,0,0,0,False,False,False
2015-02-11,0,26,0,0,12,12,0,1053,29498,0,0,1053,560,0,0,0,0,0,False,False,False
2015-02-12,0,26,0,0,12,12,0,1054,29522,0,0,1054,560,0,0,0,0,0,False,False,False
2015-02-13,0,26,0,0,12,12,0,1055,29546,0,0,1055,560,0,0,0,0,0,False,False,False
2015-02-14,0,27,0,0,12,12,0,1056,29570,0,0,1056,560,0,0,0,0,0,False,False,False
2015-02-15,0,27,0,0,12,12,0,1057,29594,0,0,1057,560,0,0,0,0,0,False,False,False
2015-02-16,0,27,0,0,12,12,0,1058,29618,0,0,1058,560,0,0,0,0,0,False,False,False
2015-02-17,0,26,0,0,12,12,0,1059,29642,0,0,1059,560,0,0,0,0,0,False,False,False
2015-02-18,0,28,0,0,12,12,0,1060,29666,0,0,1060,560,0,0,0,0,0,False,False,False
2015-02-19,0,29,0,0,12,12,0,1061,29690,0,0,1061,560,0,0,0,0,0,False,False,False
2015-02-20,0,29,0,0,12,12,0,1062,29714,0,0,1062,560,0,0,0,0,0,False,False,False
2015-02-21,0,28,0,0,12,12,0,1063,29738,0,0,1063,560,0,0,0,0,0,False,False,False
2015-02-22,0,28,0,0,12,12,0,1064,29762,0,0,1064,560,0,0,0,0,0,False,False,False
2015-02-23,0,28,0,0,12,12,0,1065,29786,0,0,1065,560,0,0,0,0,0,False,False,False
2015-02-24,0,27,0,0,12,12,0,1066,29810,0,0,1066,560,0,0,0,0,0,False,False,False
2015-02-25,0,27,0,0,12,12,0,1067,29834,0,0,1067,560,0,0,0,0,0,False,False,False
2015-02-26,0,27,0,0,12,12,0,1068,29858,0,0,1068,560,0,0,0,0,0,False,False,False
2015-02-27,0,28,0,0,12,12,0,1069,29882,0,0,1069,560,0,0,0,0,0,False,False,False
2015-02-28,0,27,0,0,12,12,0,1070,29906,0,0,1070,560,0,0,0,0,0,False,False,False
2015-03-01,0,27,0,0,12,12,0,1071,29930,0,0,1071,560,0,0,0,0,0,False,False,False
2015-03-02,0,27,0,0,12,12,0,1072,29954,0,0,1072,560,0,0,0,0,0,False,False,False
2015-03-03,0,27,0,0,12,12,0,1072,29978,0,0,1072,560,0,0,0,0,0,False,False,False
2015-03-04,0,28,0,0,12,12,0,1073,30002,0,0,1073,560,0,0,0,0,0,False,False,False
2015-03-05,0,27,0,0,12,12,0,1074,30026,0,0,1074,560,0,0,0,0,0,False,False,False
2015-03-06,0,27,0,0,12,12,0,1075,30050,0,0,1075,560,0,0,0,0,0,False,False,False
2015-03-07,0,28,0,0,12,12,0,1076,30074,0,0,1076,560,0,0,0,0,0,False,False,False
2015-03-08,0,28,0,0,12,12,0,1077,30098,0,0,1077,560,0,0,0,0,0,False,False,False
2015-03-09,0,28,0,0,12,12,0,1078,30122,0,0,1078,560,0,0,0,0,0,False,False,False
2015-03-10,0,28,0,0,12,12,0,1079,30145,0,0,1079,560,0,0,0,0,0,False,False,False
2015-03-11,0,29,0,0,12,12,0,1080,30169,0,0,1080,560,0,0,0,0,0,False,False,False
2015-03-12,0,28,0,0,12,12,0,1081,30193,0,0,1081,560,0,0,0,0,0,False,False,False
2015-03-13,0,29,0,0,12,12,0,1082,30217,0,0,1082,560,0,0,0,0,0,False,False,False
2015-03-14,0,29,0,0,12,12,0,1083,30241,0,0,1083,560,0,0,0,0,0,False,False,False
2015-03-15,0,29,0,0,12,12,0,1084,30265,0,0,1084,560,0,0,0,0,0,False,False,False
2015-03-16,0,29,0,0,12,12,0,1084,30289,0,0,1084,560,0,0,0,0,0,False,False,False
2015-03-17,0,29,0,0,12,12,0,1085,30313,0,0,1085,560,0,0,0,0,0,False,False,False
2015-03-18,0,34,0,0,12,12,0,1086,30337,0,0,1086,560,0,0,0,0,0,False,False,False
2015-03-19,0,32,0,0,12,12,0,1087,30361,0,0,1087,560,0,0,0,0,0,False,False,False
2015-03-20,0,27,0,0,12,12,0,1088,30385,0,0,1088,560,0,0,0,0,0,False,False,False
2015-03-21,0,26,0,0,12,12,0,1089,30409,0,0,1089,560,0,0,0,0,0,False,False,False
2015-03-22,0,28,0,0,12,12,0,1090,30433,0,0,1090,560,0,0,0,0,0,False,False,False
2015-03-23,0,27,0,0,12,12,0,1091,30457,0,0,1091,560,0,0,0,0,0,False,False,False
2015-03-24,0,27,0,0,12,12,0,1092,30481,0,0,1092,560,0,0,0,0,0,False,False,False
2015-03-25,0,27,0,0,12,12,0,1093,30505,0,0,1093,560,0,0,0,0,0,False,False,False
2015-03-26,0,27,0,0,12,12,0,1094,30529,0,0,1094,560,0,0,0,0,0,False,False,False
2015-03-27,0,28,0,0,12,12,0,1095,30553,0,0,1095,560,0,0,0,0,0,False,False,False
2015-03-28,0,27,0,0,12,12,0,1096,30577,0,0,1096,560,0,0,0,0,0,False,False,False
2015-03-29,0,27,0,0,12,12,0,1097,30601,0,0,1097,560,0,0,0,0,0,False,False,False
2015-03-30,0,27,0,0,12,12,0,1097,30625,0,0,1097,560,0,0,0,0,0,False,False,False
2015-03-31,0,28,0,0,12,12,0,1098,30649,0,0,1098,560,0,0,0,0,0,False,False,False
2015-04-01,0,27,0,0,12,12,0,1099,30674,0,0,1099,560,0,0,0,0,0,False,False,False
2015-04-02,0,27,0,0,12,12,0,1100,30697,0,0,1100,560,0,0,0,0,0,False,False,False
2015-04-03,0,25,0,0,12,12,0,1101,30721,0,0,1101,560,0,0,0,0,0,False,False,False
2015-04-04,0,26,0,0,12,12,0,1102,30745,0,0,1102,560,0,0,0,0,0,False,False,False
2015-04-05,0,26,0,0,12,12,0,1103,30769,0,0,1103,560,0,0,0,0,0,False,False,False
2015-04-06,0,26,0,0,12,12,0,1104,30793,0,0,1104,560,0,0,0,0,0,False,False,False
2015-04-07,0,27,0,0,12,12,0,1105,30817,0,0,1105,560,0,0,0,0,0,False,False,False
2015-04-08,0,26,0,0,12,12,0,1106,30841,0,0,1106,560,0,0,0,0,0,False,False,False
2015-04-09,0,27,0,0,12,12,0,1107,30865,0,0,1107,560,0,0,0,0,0,False,False,False
2015-04-10,0,28,0,0,12,12,0,1108,30889,0,0,1108,560,0,0,0,0,0,False,False,False
2015-04-11,0,28,0,0,12,12,0,1109,30913,0,0,1109,560,0,0,0,0,0,False,False,False
2015-04-12,0,29,0,0,12,12,0,1110,30937,0,0,1110,560,0,0,0,0,0,False,False,False
2015-04-13,0,29,0,0,12,12,0,1111,30961,0,0,1111,560,0,0,0,0,0,False,False,False
2015-04-14,0,30,0,0,12,12,0,1111,30985,0,0,1111,560,0,0,0,0,0,False,False,False
2015-04-15,0,30,0,0,12,12,0,1112,31009,0,0,1112,560,0,0,0,0,0,False,False,False
2015-04-16,0,29,0,0,12,12,0,1113,31033,0,0,1113,560,0,0,0,0,0,False,False,False
2015-04-17,0,30,0,0,12,12,0,1114,31057,0,0,1114,560,0,0,0,0,0,False,False,False
2015-04-18,0,31,0,0,12,12,0,1115,31081,0,0,1115,560,0,0,0,0,0,False,False,False
2015-04-19,0,30,0,0,12,12,0,1116,31105,0,0,1116,560,0,0,0,0,0,False,False,False
2015-04-20,0,30,0,0,12,12,0,1117,31129,0,0,1117,560,0,0,0,0,0,False,False,False
2015-04-21,0,31,0,0,12,12,0,1118,31153,0,0,1118,560,0,0,0,0,0,False,False,False
2015-04-22,0,30,0,0,12,12,0,1119,31177,0,0,1119,560,0,0,0,0,0,False,False,False
2015-04-23,0,31,0,0,12,12,0,1120,31201,0,0,1120,560,0,0,0,0,0,False,False,False
2015-04-24,0,31,0,0,12,12,0,1121,31226,0,0,1121,560,0,0,0,0,0,False,False,False
2015-04-25,0,30,0,0,12,12,0,1122,31249,0,0,1122,560,0,0,0,0,0,False,False,False
2015-04-26,0,31,0,0,12,12,0,1123,31273,0,0,1123,560,0,0,0,0,0,False,False,False
2015-04-27,0,31,0,0,12,12,0,1124,31297,0,0,1124,560,0,0,0,0,0,False,False,False
2015-04-28,0,31,0,0,12,12,0,1124,31321,0,0,1124,560,0,0,0,0,0,False,False,False
2015-04-29,0,31,0,0,12,12,0,1125,31345,0,0,1125,560,0,0,0,0,0,False,False,False
2015-04-30,0,30,0,0,12,12,0,1126,31369,0,0,1126,560,0,0,0,0,0,False,False,False
2015-05-01,0,30,0,0,12,12,0,1127,31393,0,0,1127,560,0,0,0,0,0,False,False,False
2015-05-02,0,29,0,65536,12,12,0,1128,31417,0,0,1128,560,0,0,0,0,0,False,False,False
2015-05-03,0,29,0,0,12,12,0,1129,31441,0,0,1129,560,0,0,0,0,0,False,False,False
2015-05-04,0,30,0,0,12,12,0,1130,31465,0,0,1130,560,0,0,0,0,0,False,False,False
2015-05-05,0,29,0,0,12,12,0,1131,31489,0,0,1131,560,0,0,0,0,0,False,False,False
2015-05-06,0,29,0,0,12,12,0,1132,31513,0,0,1132,560,0,0,0,0,0,False,False,False
2015-05-07,0,30,0,0,12,12,0,1133,31537,0,0,1133,560,0,0,0,0,0,False,False,False
2015-05-08,0,29,0,0,12,12,0,1134,31561,0,0,1134,560,0,0,0,0,0,False,False,False
2015-05-09,0,30,0,0,12,12,0,1135,31585,0,0,1135,560,0,0,0,0,0,False,False,False
2015-05-10,0,30,0,0,12,12,0,1136,31609,0,0,1136,560,0,0,0,0,0,False,False,False
2015-05-11,0,30,0,0,12,12,0,1137,31633,0,0,1137,560,0,0,0,0,0,False,False,False
2015-05-12,0,30,0,0,12,12,0,1138,31657,0,0,1138,560,0,0,0,0,0,False,False,False
2015-05-13,0,29,0,0,12,12,0,1139,31681,0,0,1139,560,0,0,0,0,0,False,False,False
2015-05-14,0,29,0,0,12,12,0,1140,31705,0,0,1140,560,0,0,0,0,0,False,False,False
2015-05-15,0,30,0,0,12,12,0,1141,31729,0,0,1141,560,0,0,0,0,0,False,False,False
2015-05-16,0,30,0,0,12,12,0,1142,31753,0,0,1142,560,0,0,0,0,0,False,False,False
2015-05-17,0,30,0,0,12,12,0,1143,31777,0,0,1143,560,0,0,0,0,0,False,False,False
2015-05-18,0,30,0,0,12,12,0,1144,31801,0,0,1144,560,0,0,0,0,0,False,False,False
2015-05-19,0,30,0,0,12,12,0,1145,31825,0,0,1145,560,0,0,0,0,0,False,False,False
2015-05-20,0,30,0,0,12,12,0,1145,31849,0,0,1145,560,0,0,0,0,0,False,False,False
2015-05-21,0,30,0,0,12,12,0,1146,31873,0,0,1146,560,0,0,0,0,0,False,False,False
2015-05-22,0,30,0,0,12,12,0,1147,31897,0,0,1147,560,0,0,0,0,0,False,False,False
2015-05-23,0,30,0,0,12,12,0,1148,31921,0,0,1148,560,0,0,0,0,0,False,False,False
2015-05-24,0,30,0,0,12,12,0,1149,31946,0,0,1149,560,0,0,0,0,0,False,False,False
2015-05-25,0,30,0,0,12,12,0,1150,31969,0,0,1150,560,0,0,0,0,0,False,False,False
2015-05-26,0,28,0,0,12,12,0,1151,31993,0,0,1151,560,0,0,0,0,0,False,False,False
2015-05-27,0,28,0,0,12,12,0,1152,32017,0,0,1152,560,0,0,0,0,0,False,False,False
2015-05-28,0,29,0,0,12,12,0,1153,32041,0,0,1153,560,0,0,0,0,0,False,False,False
2015-05-29,0,29,0,0,12,12,0,1154,32065,0,0,1154,560,0,0,0,0,0,False,False,False
2015-05-30,0,29,0,0,12,12,0,1155,32089,0,0,1155,560,0,0,0,0,0,False,False,False
2015-05-31,0,29,0,0,12,12,0,1156,32113,0,0,1156,560,0,0,0,0,0,False,False,False
2015-06-01,0,28,0,0,12,12,0,1157,32137,0,0,1157,560,0,0,0,0,0,False,False,False
2015-06-02,0,29,0,0,12,12,0,1157,32161,0,0,1157,560,0,0,0,0,0,False,False,False
2015-06-03,0,29,0,0,12,12,0,1158,32185,0,0,1158,560,0,0,0,0,0,False,False,False
2015-06-04,0,29,0,0,12,12,0,1159,32209,0,0,1159,560,0,0,0,0,0,False,False,False
2015-06-05,0,29,0,0,12,12,0,1160,32233,0,0,1160,560,0,0,0,0,0,False,False,False
2015-06-06,0,28,0,0,12,12,0,1161,32258,0,0,1161,560,0,0,0,0,0,False,False,False
2015-06-07,0,29,0,0,12,12,0,1162,32281,0,0,1162,560,0,0,0,0,0,False,False,False
2015-06-08,0,29,0,0,12,12,0,1163,32305,0,0,1163,560,0,0,0,0,0,False,False,False
2015-06-09,0,29,0,0,12,12,0,1164,32329,0,0,1164,560,0,0,0,0,0,False,False,False
2015-06-10,0,28,0,0,12,12,0,1165,32353,0,0,1165,560,0,0,0,0,0,False,False,False
2015-06-11,0,29,0,0,12,12,0,1166,32377,0,0,1166,560,0,0,0,0,0,False,False,False
2015-06-12,0,28,0,0,12,12,0,1167,32401,0,0,1167,560,0,0,0,0,0,False,False,False
2015-06-13,0,28,0,0,12,12,0,1168,32425,0,0,1168,560,0,0,0,0,0,False,False,False
2015-06-14,0,29,0,0,12,12,0,1168,32449,0,0,1168,560,0,0,0,0,0,False,False,False
2015-06-15,0,29,0,0,12,12,0,1169,32473,0,0,1169,560,0,0,0,0,0,False,False,False
2015-06-16,0,29,0,0,12,12,0,1170,32497,0,0,1170,560,0,0,0,0,0,False,False,False
2015-06-17,0,29,0,0,12,12,0,1171,32521,0,0,1171,560,0,0,0,0,0,False,False,False
2015-06-18,0,29,0,0,12,12,0,1172,32545,0,0,1172,560,0,0,0,0,0,False,False,False
2015-06-19,0,29,0,0,12,12,0,1173,32569,0,0,1173,560,0,0,0,0,0,False,False,False
2015-06-20,0,32,0,0,12,12,0,1174,32593,0,0,1174,560,0,0,0,0,0,False,False,False
2015-06-21,0,27,0,0,12,12,0,1175,32617,0,0,1175,560,0,0,0,0,0,False,False,False
2015-06-22,0,28,0,65536,12,12,0,1176,32641,0,0,1176,560,0,0,0,0,0,False,False,False
2015-06-23,0,27,0,0,12,12,0,1177,32665,0,0,1177,560,0,0,0,0,0,False,False,False
2015-06-24,0,28,0,0,12,12,0,1178,32689,0,0,1178,560,0,0,0,0,0,False,False,False
2015-06-25,0,26,0,0,12,12,0,1179,32713,0,0,1179,560,0,0,0,0,0,False,False,False
2015-06-26,0,26,0,0,12,12,0,1180,32737,0,0,1180,560,0,0,0,0,0,False,False,False
2015-06-27,0,26,0,0,12,12,0,1181,32761,0,0,1181,560,0,0,0,0,0,False,False,False
2015-06-28,0,26,0,0,12,12,0,1182,32785,0,0,1182,560,0,0,0,0,0,False,False,False
2015-06-29,0,31,0,0,12,12,0,1182,32809,0,0,1182,560,0,0,0,0,0,False,False,False
2015-06-30,0,26,0,0,12,12,0,1183,32833,0,0,1183,560,0,0,0,0,0,False,False,False
2015-07-01,0,26,0,0,12,12,0,1184,32857,0,0,1184,560,0,0,0,0,0,False,False,False
2015-07-02,0,26,0,0,12,12,0,1185,32881,0,0,1185,560,0,0,0,0,0,False,False,False
2015-07-03,0,26,0,0,12,12,0,1186,32905,0,0,1186,560,0,0,0,0,0,False,False,False
2015-07-04,0,26,0,0,12,12,0,1187,32929,0,0,1187,560,0,0,0,0,0,False,False,False
2015-07-05,0,26,0,0,12,12,0,1188,32953,0,0,1188,560,0,0,0,0,0,False,False,False
2015-07-06,0,26,0,0,12,12,0,1189,32977,0,0,1189,560,0,0,0,0,0,False,False,False
2015-07-07,0,26,0,0,12,12,0,1190,33001,0,0,1190,560,0,0,0,0,0,False,False,False
2015-07-08,0,26,0,0,12,12,0,1191,33025,0,0,1191,560,0,0,0,0,0,False,False,False
2015-07-09,0,26,0,0,12,12,0,1192,33049,0,0,1192,560,0,0,0,0,0,False,False,False
2015-07-10,0,26,0,0,12,12,0,1193,33073,0,0,1193,560,0,0,0,0,0,False,False,False
2015-07-11,0,27,0,0,12,12,0,1193,33097,0,0,1193,560,0,0,0,0,0,False,False,False
2015-07-12,0,27,0,0,12,12,0,1194,33121,0,0,1194,560,0,0,0,0,0,False,False,False
2015-07-13,0,26,0,0,12,12,0,1195,33145,0,0,1195,560,0,0,0,0,0,False,False,False
2015-07-14,0,26,0,0,12,12,0,1196,33169,0,0,1196,560,0,0,0,0,0,False,False,False
2015-07-15,0,26,0,0,12,12,0,1197,33193,0,0,1197,560,0,0,0,0,0,False,False,False
2015-07-16,0,26,0,0,12,12,0,1198,33217,0,0,1198,560,0,0,0,0,0,False,False,False
2015-07-17,0,26,0,0,12,12,0,1199,33241,0,0,1199,560,0,0,0,0,0,False,False,False
2015-07-18,0,26,0,0,12,12,0,1200,33265,0,0,1200,560,0,0,0,0,0,False,False,False
2015-07-19,0,26,0,0,12,12,0,1201,33289,0,0,1201,560,0,0,0,0,0,False,False,False
2015-07-20,0,26,0,0,12,12,0,1201,33313,0,0,1201,560,0,0,0,0,0,False,False,False
2015-07-21,0,27,0,0,12,12,0,1202,33337,0,0,1202,560,0,0,0,0,0,False,False,False
2015-07-22,0,26,0,0,12,12,0,1203,33361,0,0,1203,560,0,0,0,0,0,False,False,False
2015-07-23,0,26,0,0,12,12,0,1204,33385,0,0,1204,560,0,0,0,0,0,False,False,False
2015-07-24,0,27,0,0,12,12,0,1205,33409,0,0,1205,560,0,0,0,0,0,False,False,False
2015-07-25,0,27,0,0,12,12,0,1206,33433,0,0,1206,560,0,0,0,0,0,False,False,False
2015-07-26,0,29,0,0,12,12,0,1207,33457,0,0,1207,560,0,0,0,0,0,False,False,False
2015-07-27,0,28,0,0,12,12,0,1208,33481,0,0,1208,560,0,0,0,0,0,False,False,False
2015-07-28,0,26,0,0,12,12,0,1209,33505,0,0,1209,560,0,0,0,0,0,False,False,False
2015-07-29,0,25,0,0,12,12,0,1210,33529,0,0,1210,560,0,0,0,0,0,False,False,False
2015-07-30,0,26,0,0,12,12,0,1211,33554,0,0,1211,560,0,0,0,0,0,False,False,False
2015-07-31,0,27,0,0,12,12,0,1212,33577,0,0,1212,560,0,0,0,0,0,False,False,False
2015-08-01,0,25,0,0,12,12,0,1213,33601,0,0,1213,560,0,0,0,0,0,False,False,False
2015-08-02,0,26,0,0,12,12,0,1213,33625,0,0,1213,560,0,0,0,0,0,False,False,False
2015-08-03,0,27,0,0,12,12,0,1214,33649,0,0,1214,560,0,0,0,0,0,False,False,False
2015-08-04,0,27,0,0,12,12,0,1215,33673,0,0,1215,560,0,0,0,0,0,False,False,False
2015-08-05,0,27,0,0,12,12,0,1216,33697,0,0,1216,560,0,0,0,0,0,False,False,False
2015-08-06,0,26,0,0,12,12,0,1217,33721,0,0,1217,560,0,0,0,0,0,False,False,False
2015-08-07,0,25,0,0,12,12,0,1218,33745,0,0,1218,560,0,0,0,0,0,False,False,False
2015-08-08,0,27,0,0,12,12,0,1219,33769,0,0,1219,560,0,0,0,0,0,False,False,False
2015-08-09,0,27,0,0,12,12,0,1220,33793,0,0,1220,560,0,0,0,0,0,False,False,False
2015-08-10,0,26,0,0,12,12,0,1221,33817,0,0,1221,560,0,0,0,0,0,False,False,False
2015-08-11,0,26,0,0,12,12,0,1222,33841,0,0,1222,560,0,0,0,0,0,False,False,False
2015-08-12,0,27,0,0,12,12,0,1223,33865,0,0,1223,560,0,0,0,0,0,False,False,False
2015-08-13,0,27,0,0,12,12,0,1223,33889,0,0,1223,560,0,0,0,0,0,False,False,False
2015-08-14,0,27,0,0,12,12,0,1224,33913,0,0,1224,560,0,0,0,0,0,False,False,False
2015-08-15,0,25,0,0,12,12,0,1225,33937,0,0,1225,560,0,0,0,0,0,False,False,False
2015-08-16,0,27,0,0,12,12,0,1226,33961,0,0,1226,560,0,0,0,0,0,False,False,False
2015-08-17,0,27,0,0,12,12,0,1227,33985,0,0,1227,560,0,0,0,0,0,False,False,False
2015-08-18,0,26,0,0,12,12,0,1228,34009,0,0,1228,560,0,0,0,0,0,False,False,False
2015-08-19,0,27,0,0,12,12,0,1229,34034,0,0,1229,560,0,0,0,0,0,False,False,False
2015-08-20,0,27,0,0,12,12,0,1230,34057,0,0,1230,560,0,0,0,0,0,False,False,False
2015-08-21,0,27,0,0,12,12,0,1231,34081,0,0,1231,560,0,0,0,0,0,False,False,False
2015-08-22,0,27,0,0,12,12,0,1232,34105,0,0,1232,560,0,0,0,0,0,False,False,False
2015-08-23,0,27,0,0,12,12,0,1233,34129,0,0,1233,560,0,0,0,0,0,False,False,False
2015-08-24,0,27,0,0,12,12,0,1234,34153,0,0,1234,560,0,0,0,0,0,False,False,False
2015-08-25,0,27,0,0,12,12,0,1235,34177,0,0,1235,560,0,0,0,0,0,False,False,False
2015-08-26,0,27,0,0,12,12,0,1236,34202,0,0,1236,560,0,0,0,0,0,False,False,False
2015-08-27,0,27,0,0,12,12,0,1237,34225,0,0,1237,560,0,0,0,0,0,False,False,False
2015-08-28,0,26,0,0,12,12,0,1238,34249,0,0,1238,560,0,0,0,0,0,False,False,False
2015-08-29,0,26,0,0,12,12,0,1239,34273,0,0,1239,560,0,0,0,0,0,False,False,False
2015-08-30,0,27,0,0,12,12,0,1240,34297,0,0,1240,560,0,0,0,0,0,False,False,False
2015-08-31,0,26,0,0,12,12,0,1241,34321,0,0,1241,560,0,0,0,0,0,False,False,False
2015-09-01,0,27,0,0,12,12,0,1242,34345,0,0,1242,560,0,0,0,0,0,False,False,False
2015-09-02,0,27,0,0,12,12,0,1243,34370,0,0,1243,560,0,0,0,0,0,False,False,False
2015-09-03,0,27,0,0,12,12,0,1244,34393,0,0,1244,560,0,0,0,0,0,False,False,False
2015-09-04,0,26,0,0,12,12,0,1245,34417,0,0,1245,560,0,0,0,0,0,False,False,False
2015-09-05,0,26,0,0,12,12,0,1246,34442,0,0,1246,560,0,0,0,0,0,False,False,False
2015-09-06,0,26,0,0,12,12,0,1247,34465,0,0,1247,560,0,0,0,0,0,False,False,False
2015-09-07,0,26,0,0,12,12,0,1248,34489,0,0,1248,560,0,0,0,0,0,False,False,False
2015-09-08,0,26,0,0,12,12,0,1249,34513,0,0,1249,560,0,0,0,0,0,False,False,False
2015-09-09,0,27,0,0,12,12,0,1250,34537,0,0,1250,560,0,0,0,0,0,False,False,False
2015-09-10,0,26,0,0,12,12,0,1250,34561,0,0,1250,560,0,0,0,0,0,False,False,False
2015-09-11,0,27,0,0,12,12,0,1251,34585,0,0,1251,560,0,0,0,0,0,False,False,False
2015-09-12,0,27,0,0,12,12,0,1252,34609,0,0,1252,560,0,0,0,0,0,False,False,False
2015-09-13,0,25,0,0,12,12,0,1253,34633,0,0,1253,560,0,0,0,0,0,False,False,False
2015-09-14,0,26,0,0,12,12,0,1254,34657,0,0,1254,560,0,0,0,0,0,False,False,False
2015-09-15,0,27,0,0,12,12,0,1255,34681,0,0,1255,560,0,0,0,0,0,False,False,False
2015-09-16,0,26,0,0,12,12,0,1256,34705,0,0,1256,560,0,0,0,0,0,False,False,False
2015-09-17,0,26,0,0,12,12,0,1257,34729,0,0,1257,560,0,0,0,0,0,False,False,False
2015-09-18,0,27,0,0,12,12,0,1258,34753,0,0,1258,560,0,0,0,0,0,False,False,False
2015-09-19,0,27,0,0,12,12,0,1259,34777,0,0,1259,560,0,0,0,0,0,False,False,False
2015-09-20,0,27,0,0,12,12,0,1260,34801,0,0,1260,560,0,0,0,0,0,False,False,False
2015-09-21,0,27,0,0,12,12,0,1261,34825,0,0,1261,560,0,0,0,0,0,False,False,False
2015-09-22,0,26,0,0,12,12,0,1262,34849,0,0,1262,560,0,0,0,0,0,False,False,False
2015-09-23,0,26,0,0,12,12,0,1263,34873,0,0,1263,560,0,0,0,0,0,False,False,False
2015-09-24,0,26,0,0,12,12,0,1264,34897,0,0,1264,560,0,0,0,0,0,False,False,False
2015-09-25,0,26,0,0,12,12,0,1265,34922,0,0,1265,560,0,0,0,0,0,False,False,False
2015-09-26,0,26,0,0,12,12,0,1266,34945,0,0,1266,560,0,0,0,0,0,False,False,False
2015-09-27,0,27,0,0,12,12,0,1267,34969,0,0,1267,560,0,0,0,0,0,False,False,False
2015-09-28,0,26,0,0,12,12,0,1268,34994,0,0,1268,560,0,0,0,0,0,False,False,False
2015-09-29,0,27,0,0,12,12,0,1269,35017,0,0,1269,560,0,0,0,0,0,False,False,False
2015-09-30,0,26,0,0,12,12,0,1270,35041,0,0,1270,560,0,0,0,0,0,False,False,False
2015-10-01,0,26,0,0,12,12,0,1271,35065,0,0,1271,560,0,0,0,0,0,False,False,False
2015-10-02,0,27,0,0,12,12,0,1272,35089,0,0,1272,560,0,0,0,0,0,False,False,False
2015-10-03,0,26,0,0,12,12,0,1273,35113,0,0,1273,560,0,0,0,0,0,False,False,False
2015-10-04,0,26,0,0,12,12,0,1274,35137,0,0,1274,560,0,0,0,0,0,False,False,False
2015-10-05,0,26,0,0,12,12,0,1275,35162,0,0,1275,560,0,0,0,0,0,False,False,False
2015-10-06,0,26,0,0,12,12,0,1276,35185,0,0,1276,560,0,0,0,0,0,False,False,False
2015-10-07,0,26,0,0,12,12,0,1277,35209,0,0,1277,560,0,0,0,0,0,False,False,False
2015-10-08,0,26,0,0,12,12,0,1277,35233,0,0,1277,560,0,0,0,0,0,False,False,False
2015-10-09,0,26,0,0,12,12,0,1279,35257,0,0,1279,560,0,0,0,0,0,False,False,False
2015-10-10,0,26,0,0,12,12,0,1279,35281,0,0,1279,560,0,0,0,0,0,False,False,False
2015-10-11,0,26,0,0,12,12,0,1280,35305,0,0,1280,560,0,0,0,0,0,False,False,False
2015-10-12,0,26,0,0,12,12,0,1281,35329,0,0,1281,560,0,0,0,0,0,False,False,False
2015-10-13,0,26,0,0,12,12,0,1282,35353,0,0,1282,560,0,0,0,0,0,False,False,False
2015-10-14,0,26,0,0,12,12,0,1283,35377,0,0,1283,560,0,0,0,0,0,False,False,False
2015-10-15,0,26,0,0,12,12,0,1284,35402,0,0,1284,560,0,0,0,0,0,False,False,False
2015-10-16,0,26,0,0,12,12,0,1285,35425,0,0,1285,560,0,0,0,0,0,False,False,False
2015-10-17,0,25,0,0,12,12,0,1286,35449,0,0,1286,560,0,0,0,0,0,False,False,False
2015-10-18,0,26,0,0,12,12,0,1287,35473,0,0,1287,560,0,0,0,0,0,False,False,False
2015-10-19,0,26,0,0,12,12,0,1288,35497,0,0,1288,560,0,0,0,0,0,False,False,False
2015-10-20,0,26,0,0,12,12,0,1289,35521,0,0,1289,560,0,0,0,0,0,False,False,False
2015-10-21,0,26,0,0,12,12,0,1290,35545,0,0,1290,560,0,0,0,0,0,False,False,False
2015-10-22,0,26,0,0,12,12,0,1291,35570,0,0,1291,560,0,0,0,0,0,False,False,False
2015-10-23,0,26,0,0,12,12,0,1292,35593,0,0,1292,560,0,0,0,0,0,False,False,False
2015-10-24,0,26,0,0,12,12,0,1293,35617,0,0,1293,560,0,0,0,0,0,False,False,False
2015-10-25,0,26,0,0,12,12,0,1294,35642,0,0,1294,560,0,0,0,0,0,False,False,False
2015-10-26,0,26,0,0,12,12,0,1295,35665,0,0,1295,560,0,0,0,0,0,False,False,False
2015-10-27,0,26,0,0,12,12,0,1296,35689,0,0,1296,560,0,0,0,0,0,False,False,False
2015-10-29,0,26,0,0,12,12,0,1297,35737,0,0,1297,560,0,0,0,0,0,False,False,False
2015-10-30,0,26,0,0,12,12,0,1298,35761,0,0,1298,560,0,0,0,0,0,False,False,False
2015-10-31,0,25,0,0,12,12,0,1299,35785,0,0,1299,560,0,0,0,0,0,False,False,False
2015-11-02,0,26,0,0,12,12,0,1301,35834,0,0,1301,560,0,0,0,0,0,False,False,False
2015-11-03,0,26,0,0,12,12,0,1302,35858,0,0,1302,560,0,0,0,0,0,False,False,False
2015-11-04,0,25,0,0,12,12,0,1303,35882,0,0,1303,560,0,0,0,0,0,False,False,False
2015-11-05,0,25,0,0,12,12,0,1304,35906,0,0,1304,560,0,0,0,0,0,False,False,False
2015-11-06,0,28,0,0,12,12,0,1305,35930,0,0,1305,560,0,0,0,0,0,False,False,False
2015-11-07,0,25,0,0,12,12,0,1306,35954,0,0,1306,560,0,0,0,0,0,False,False,False
2015-11-08,0,25,0,0,12,12,0,1307,35978,0,0,1307,560,0,0,0,0,0,False,False,False
2015-11-09,0,26,0,0,12,12,0,1308,36002,0,0,1308,560,0,0,0,0,0,False,False,False
2015-11-10,0,25,0,0,12,12,0,1309,36026,0,0,1309,560,0,0,0,0,0,False,False,False
2015-11-11,0,26,0,0,12,12,0,1310,36050,0,0,1310,560,0,0,0,0,0,False,False,False
2015-11-12,0,27,0,0,12,12,0,1311,36074,0,0,1311,560,0,0,0,0,0,False,False,False
2015-11-13,0,25,0,0,12,12,0,1312,36098,0,0,1312,560,0,0,0,0,0,False,False,False
2015-11-14,0,26,0,0,12,12,0,1313,36122,0,0,1313,560,0,0,0,0,0,False,False,False
2015-11-15,0,26,0,0,12,12,0,1314,36146,0,0,1314,560,0,0,0,0,0,False,False,False
2015-11-16,0,25,0,0,12,12,0,1315,36171,0,0,1315,560,0,0,0,0,0,False,False,False
2015-11-17,0,25,0,0,12,12,0,1316,36194,0,0,1316,560,0,0,0,0,0,False,False,False
2015-11-18,0,25,0,0,12,12,0,1317,36218,0,0,1317,560,0,0,0,0,0,False,False,False
2015-11-19,0,25,0,0,12,12,0,1318,36242,0,0,1318,560,0,0,0,0,0,False,False,False
2015-11-20,0,26,0,0,12,12,0,1319,36266,0,0,1319,560,0,0,0,0,0,False,False,False
2015-11-21,0,26,0,0,12,12,0,1320,36290,0,0,1320,560,0,0,0,0,0,False,False,False
2015-11-22,0,26,0,0,12,12,0,1321,36314,0,0,1321,560,0,0,0,0,0,False,False,False
2015-11-23,0,26,0,0,12,12,0,1322,36339,0,0,1322,560,0,0,0,0,0,False,False,False
2015-11-24,0,26,0,0,12,12,0,1323,36362,0,0,1323,560,0,0,0,0,0,False,False,False
2015-11-25,0,25,0,0,12,12,0,1323,36386,0,0,1323,560,0,0,0,0,0,False,False,False
2015-11-26,0,26,0,0,12,12,0,1324,36410,0,0,1324,560,0,0,0,0,0,False,False,False
2015-11-27,0,26,0,0,12,12,0,1325,36434,0,0,1325,560,0,0,0,0,0,False,False,False
2015-11-28,0,27,0,0,12,12,0,1326,36458,0,0,1326,560,0,0,0,0,0,False,False,False
2015-11-29,0,26,0,0,12,12,0,1327,36482,0,0,1327,560,0,0,0,0,0,False,False,False
2015-11-30,0,26,0,0,12,12,0,1328,36506,0,0,1328,560,0,0,0,0,0,False,False,False
2015-12-01,0,26,0,0,12,12,0,1329,36530,0,0,1329,560,0,0,0,0,0,False,False,False
2015-12-02,0,26,0,0,12,12,0,1330,36554,0,0,1330,560,0,0,0,0,0,False,False,False
2015-12-03,0,27,0,0,12,12,0,1331,36578,0,0,1331,560,0,0,0,0,0,False,False,False
2015-12-04,0,27,0,0,12,12,0,1332,36602,0,0,1332,560,0,0,0,0,0,False,False,False
2015-12-05,0,27,0,0,12,12,0,1333,36626,0,0,1333,560,0,0,0,0,0,False,False,False
2015-12-06,0,27,0,0,12,12,0,1334,36650,0,0,1334,560,0,0,0,0,0,False,False,False
2015-12-07,0,27,0,0,12,12,0,1335,36674,0,0,1335,560,0,0,0,0,0,False,False,False
2015-12-08,0,28,0,0,12,12,0,1335,36698,0,0,1335,560,0,0,0,0,0,False,False,False
2015-12-09,0,28,0,0,12,12,0,1336,36722,0,0,1336,560,0,0,0,0,0,False,False,False
2015-12-10,0,27,0,0,12,12,0,1337,36746,0,0,1337,560,0,0,0,0,0,False,False,False
2015-12-11,0,27,0,0,12,12,0,1338,36770,0,0,1338,560,0,0,0,0,0,False,False,False
2015-12-12,0,26,0,0,12,12,0,1339,36794,0,0,1339,560,0,0,0,0,0,False,False,False
2015-12-13,0,26,0,0,12,12,0,1340,36818,0,0,1340,560,0,0,0,0,0,False,False,False
2015-12-14,0,26,0,0,12,12,0,1341,36842,0,0,1341,560,0,0,0,0,0,False,False,False
2015-12-15,0,25,0,0,12,12,0,1342,36866,0,0,1342,560,0,0,0,0,0,False,False,False
2015-12-16,0,25,0,0,12,12,0,1343,36891,0,0,1343,560,0,0,0,0,0,False,False,False
2015-12-17,0,26,0,0,12,12,0,1344,36914,0,0,1344,560,0,0,0,0,0,False,False,False
2015-12-18,0,26,0,0,12,12,0,1345,36938,0,0,1345,560,0,0,0,0,0,False,False,False
2015-12-19,0,27,0,0,12,12,0,1346,36962,0,0,1346,560,0,0,0,0,0,False,False,False
2015-12-20,0,26,0,0,12,12,0,1347,36986,0,0,1347,560,0,0,0,0,0,False,False,False
2015-12-21,0,26,0,0,12,12,0,1348,37010,0,0,1348,560,0,0,0,0,0,False,False,False
2015-12-22,0,27,0,0,12,12,0,1349,37034,0,0,1349,560,0,0,0,0,0,False,False,False
2015-12-23,0,27,0,0,12,12,0,1350,37058,0,0,1350,560,0,0,0,0,0,False,False,False
2015-12-24,0,27,0,0,12,12,0,1351,37082,0,0,1351,560,0,0,0,0,0,False,False,False
2015-12-25,0,25,0,0,12,12,0,1352,37106,0,0,1352,560,0,0,0,0,0,False,False,False
2015-12-26,0,25,0,0,12,12,0,1353,37131,0,0,1353,560,0,0,0,0,0,False,False,False
2015-12-27,0,25,0,0,12,12,0,1353,37154,0,0,1353,560,0,0,0,0,0,False,False,False
2015-12-28,0,26,0,0,12,12,0,1354,37178,0,0,1354,560,0,0,0,0,0,False,False,False
2015-12-29,0,25,0,0,12,12,0,1355,37203,0,0,1355,560,0,0,0,0,0,False,False,False
2015-12-30,0,25,0,0,12,12,0,1356,37226,0,0,1356,560,0,0,0,0,0,False,False,False
2015-12-31,0,25,0,0,12,12,0,1357,37250,0,0,1357,560,0,0,0,0,0,False,False,False
2016-01-01,0,26,0,0,12,12,0,1358,37275,0,0,1358,560,0,0,0,0,0,False,False,False
2016-01-02,0,25,0,0,12,12,0,1359,37298,0,0,1359,560,0,0,0,0,0,False,False,False
2016-01-03,0,26,0,0,12,12,0,1360,37322,0,0,1360,560,0,0,0,0,0,False,False,False
2016-01-04,0,26,0,0,12,12,0,1361,37346,0,0,1361,560,0,0,0,0,0,False,False,False
2016-01-05,0,26,0,0,12,12,0,1362,37370,0,0,1362,560,0,0,0,0,0,False,False,False
2016-01-06,0,27,0,0,12,12,0,1363,37394,0,0,1363,560,0,0,0,0,0,False,False,False
2016-01-07,0,27,0,0,12,12,0,1364,37418,0,0,1364,560,0,0,0,0,0,False,False,False
2016-01-08,0,26,0,0,12,12,0,1365,37443,0,0,1365,560,0,0,0,0,0,False,False,False
2016-01-09,0,27,0,0,12,12,0,1366,37466,0,0,1366,560,0,0,0,0,0,False,False,False
2016-01-10,0,27,0,0,12,12,0,1367,37490,0,0,1367,560,0,0,0,0,0,False,False,False
2016-01-11,0,26,0,0,12,12,0,1368,37515,0,0,1368,560,0,0,0,0,0,False,False,False
2016-01-12,0,26,0,0,12,12,0,1368,37538,0,0,1368,560,0,0,0,0,0,False,False,False
2016-01-13,0,27,0,0,12,12,0,1369,37562,0,0,1369,560,0,0,0,0,0,False,False,False
2016-01-14,0,26,0,0,12,12,0,1370,37586,0,0,1370,560,0,0,0,0,0,False,False,False
2016-01-15,0,27,0,0,12,12,0,1371,37610,0,0,1371,560,0,0,0,0,0,False,False,False
2016-01-16,0,27,0,0,12,12,0,1372,37634,0,0,1372,560,0,0,0,0,0,False,False,False
2016-01-17,0,28,0,0,12,12,0,1373,37658,0,0,1373,560,0,0,0,0,0,False,False,False
2016-01-18,0,27,0,0,12,12,0,1374,37683,0,0,1374,560,0,0,0,0,0,False,False,False
2016-01-19,0,27,0,0,12,12,0,1375,37706,0,0,1375,560,0,0,0,0,0,False,False,False
2016-01-20,0,28,0,0,12,12,0,1376,37730,0,0,1376,560,0,0,0,0,0,False,False,False
2016-01-21,0,27,0,0,12,12,0,1377,37755,0,0,1377,560,0,0,0,0,0,False,False,False
2016-01-22,0,28,0,0,12,12,0,1378,37778,0,0,1378,560,0,0,0,0,0,False,False,False
2016-01-23,0,27,0,0,12,12,0,1379,37802,0,0,1379,560,0,0,0,0,0,False,False,False
2016-01-24,0,27,0,0,12,12,0,1380,37826,0,0,1380,560,0,0,0,0,0,False,False,False
2016-01-25,0,27,0,0,12,12,0,1381,37850,0,0,1381,560,0,0,0,0,0,False,False,False
2016-01-26,0,26,0,0,12,12,0,1382,37874,0,0,1382,560,0,0,0,0,0,False,False,False
2016-01-27,0,27,0,0,12,12,0,1382,37898,0,0,1382,560,0,0,0,0,0,False,False,False
2016-01-28,0,27,0,0,12,12,0,1383,37922,0,0,1383,560,0,0,0,0,0,False,False,False
2016-01-29,0,28,0,0,12,12,0,1384,37946,0,0,1384,560,0,0,0,0,0,False,False,False
2016-01-30,0,28,0,0,12,12,0,1385,37970,0,0,1385,560,0,0,0,0,0,False,False,False
2016-01-31,0,28,0,0,12,12,0,1386,37995,0,0,1386,560,0,0,0,0,0,False,False,False
2016-02-01,0,27,0,0,12,12,0,1387,38018,0,0,1387,560,0,0,0,0,0,False,False,False
2016-02-02,0,27,0,0,12,12,0,1388,38042,0,0,1388,560,0,0,0,0,0,False,False,False
2016-02-03,0,27,0,0,12,12,0,1389,38066,0,0,1389,560,0,0,0,0,0,False,False,False
2016-02-04,0,27,0,0,12,12,0,1390,38090,0,0,1390,560,0,0,0,0,0,False,False,False
2016-02-05,0,27,0,0,12,12,0,1391,38114,0,0,1391,560,0,0,0,0,0,False,False,False
2016-02-06,0,27,0,0,12,12,0,1392,38138,0,0,1392,560,0,0,0,0,0,False,False,False
2016-02-07,0,27,0,0,12,12,0,1393,38163,0,0,1393,560,0,0,0,0,0,False,False,False
2016-02-08,0,27,0,0,12,12,0,1394,38186,0,0,1394,560,0,0,0,0,0,False,False,False
2016-02-09,0,27,0,0,12,12,0,1395,38210,0,0,1395,560,0,0,0,0,0,False,False,False
2016-02-10,0,28,0,0,12,12,0,1396,38234,0,0,1396,560,0,0,0,0,0,False,False,False
2016-02-11,0,28,0,0,12,12,0,1397,38258,0,0,1397,560,0,0,0,0,0,False,False,False
2016-02-12,0,28,0,0,12,12,0,1398,38282,0,0,1398,560,0,0,0,0,0,False,False,False
2016-02-13,0,28,0,0,12,12,0,1399,38306,0,0,1399,560,0,0,0,0,0,False,False,False
2016-02-14,0,28,0,0,12,12,0,1400,38330,0,0,1400,560,0,0,0,0,0,False,False,False
2016-02-15,0,27,0,0,12,12,0,1401,38354,0,0,1401,560,0,0,0,0,0,False,False,False
2016-02-16,0,27,0,0,12,12,0,1402,38378,0,0,1402,560,0,0,0,0,0,False,False,False
2016-02-17,0,27,0,0,12,12,0,1403,38403,0,0,1403,560,0,0,0,0,0,False,False,False
2016-02-18,0,27,0,0,12,12,0,1404,38426,0,0,1404,560,0,0,0,0,0,False,False,False
2016-02-19,0,27,0,0,12,12,0,1405,38450,0,0,1405,560,0,0,0,0,0,False,False,False
2016-02-20,0,27,0,0,12,12,0,1406,38474,0,0,1406,560,0,0,0,0,0,False,False,False
2016-02-21,0,27,0,0,12,12,0,1406,38498,0,0,1406,560,0,0,0,0,0,False,False,False
2016-02-22,0,27,0,0,12,12,0,1407,38522,0,0,1407,560,0,0,0,0,0,False,False,False
2016-02-23,0,27,0,0,12,12,0,1408,38546,0,0,1408,560,0,0,0,0,0,False,False,False
2016-02-24,0,27,0,0,12,12,0,1409,38570,0,0,1409,560,0,0,0,0,0,False,False,False
2016-02-25,0,27,0,0,12,12,0,1410,38594,0,0,1410,560,0,0,0,0,0,False,False,False
2016-02-26,0,27,0,0,12,12,0,1411,38618,0,0,1411,560,0,0,0,0,0,False,False,False
2016-02-27,0,27,0,0,12,12,0,1412,38643,0,0,1412,560,0,0,0,0,0,False,False,False
2016-02-28,0,27,0,0,12,12,0,1413,38666,0,0,1413,560,0,0,0,0,0,False,False,False
2016-02-29,0,27,0,0,12,12,0,1413,38690,0,0,1413,560,0,0,0,0,0,False,False,False
2016-03-01,0,28,0,0,12,12,0,1414,38714,0,0,1414,560,0,0,0,0,0,False,False,False
2016-03-02,0,27,0,0,12,12,0,1415,38738,0,0,1415,560,0,0,0,0,0,False,False,False
2016-03-03,0,28,0,0,12,12,0,1416,38762,0,0,1416,560,0,0,0,0,0,False,False,False
2016-03-04,0,28,0,0,12,12,0,1417,38786,0,0,1417,560,0,0,0,0,0,False,False,False
2016-03-05,0,28,0,0,12,12,0,1418,38810,0,0,1418,560,0,0,0,0,0,False,False,False
2016-03-06,0,33,0,1,12,12,0,1419,38834,0,0,1419,560,0,0,0,0,0,False,False,False
2016-03-07,0,28,0,0,12,12,0,1420,38858,0,0,1420,560,0,0,0,0,0,False,False,False
2016-03-08,0,29,0,0,12,12,0,1421,38883,0,0,1421,560,0,0,0,0,0,False,False,False
2016-03-09,0,28,0,0,12,12,0,1422,38906,0,0,1422,560,0,0,0,0,0,False,False,False
2016-03-10,0,30,0,0,12,12,0,1423,38930,0,0,1423,560,0,0,0,0,0,False,False,False
2016-03-11,0,30,0,0,12,12,0,1424,38955,0,0,1424,560,0,0,0,0,0,False,False,False
2016-03-12,0,30,0,0,12,12,0,1425,38978,0,0,1425,560,0,0,0,0,0,False,False,False
2016-03-13,0,29,0,0,12,12,0,1426,39002,0,0,1426,560,0,0,0,0,0,False,False,False
2016-03-14,0,30,0,0,12,12,0,1427,39026,0,0,1427,560,0,0,0,0,0,False,False,False
2016-03-15,0,30,0,0,12,12,0,1427,39049,0,0,1427,560,0,0,0,0,0,False,False,False
2016-03-16,0,30,0,0,12,12,0,1428,39073,0,0,1428,560,0,0,0,0,0,False,False,False
2016-03-17,0,30,0,0,12,12,0,1429,39097,0,0,1429,560,0,0,0,0,0,False,False,False
2016-03-18,0,30,0,0,12,12,0,1430,39121,0,0,1430,560,0,0,0,0,0,False,False,False
2016-03-19,0,30,0,0,12,12,0,1431,39145,0,0,1431,560,0,0,0,0,0,False,False,False
2016-03-20,0,30,0,0,12,12,0,1432,39169,0,0,1432,560,0,0,0,0,0,False,False,False
2016-03-21,0,30,0,0,12,12,0,1433,39193,0,0,1433,560,0,0,0,0,0,False,False,False
2016-03-22,0,30,0,0,12,12,0,1434,39218,0,0,1434,560,0,0,0,0,0,False,False,False
2016-03-23,0,30,0,0,12,12,0,1435,39241,0,0,1435,560,0,0,0,0,0,False,False,False
2016-03-24,0,30,0,0,12,12,0,1436,39265,0,0,1436,560,0,0,0,0,0,False,False,False
2016-03-25,0,30,0,0,12,12,0,1437,39289,0,0,1437,560,0,0,0,0,0,False,False,False
2016-03-26,0,30,0,0,12,12,0,1438,39313,0,0,1438,560,0,0,0,0,0,False,False,False
2016-03-27,0,30,0,0,12,12,0,1439,39337,0,0,1439,560,0,0,0,0,0,False,False,False
2016-03-28,0,30,0,0,12,12,0,1440,39361,0,0,1440,560,0,0,0,0,0,False,False,False
2016-03-29,0,30,0,0,12,12,0,1441,39385,0,0,1441,560,0,0,0,0,0,False,False,False
2016-03-30,0,31,0,0,12,12,0,1442,39409,0,0,1442,560,0,0,0,0,0,False,False,False
2016-03-31,0,30,0,0,12,12,0,1443,39433,0,0,1443,560,0,0,0,0,0,False,False,False
2016-04-01,0,30,0,0,12,12,0,1444,39458,0,0,1444,560,0,0,0,0,0,False,False,False
2016-04-02,0,30,0,0,12,12,0,1445,39481,0,0,1445,560,0,0,0,0,0,False,False,False
2016-04-03,0,30,0,0,12,12,0,1446,39505,0,0,1446,560,0,0,0,0,0,False,False,False
2016-04-04,0,30,0,0,12,12,0,1447,39529,0,0,1447,560,0,0,0,0,0,False,False,False
2016-04-05,0,31,0,0,12,12,0,1448,39553,0,0,1448,560,0,0,0,0,0,False,False,False
2016-04-06,0,30,0,0,12,12,0,1449,39577,0,0,1449,560,0,0,0,0,0,False,False,False
2016-04-07,0,31,0,0,13,13,0,1450,39601,0,0,1450,560,0,0,0,0,0,False,False,False
2016-04-08,0,30,0,0,13,13,0,1451,39625,0,0,1451,560,0,0,0,0,0,False,False,False
2016-04-09,0,30,0,0,13,13,0,1452,39649,0,0,1452,560,0,0,0,0,0,False,False,False
2016-04-10,0,31,0,0,13,13,0,1453,39673,0,0,1453,560,0,0,0,0,0,False,False,False
2016-04-11,0,31,0,0,13,13,0,1454,39697,0,0,1454,560,0,0,0,0,0,False,False,False
2016-04-12,0,30,0,0,13,13,0,1455,39721,0,0,1455,560,0,0,0,0,0,False,False,False
2016-04-13,0,31,0,0,13,13,0,1456,39745,0,0,1456,560,0,0,0,0,0,False,False,False
2016-04-14,0,30,0,0,13,13,0,1457,39769,0,0,1457,560,0,0,0,0,0,False,False,False
2016-04-15,0,30,0,0,13,13,0,1458,39793,0,0,1458,560,0,0,0,0,0,False,False,False
2016-04-16,0,30,0,0,13,13,0,1458,39817,0,0,1458,560,0,0,0,0,0,False,False,False
2016-04-17,0,30,0,0,13,13,0,1459,39841,0,0,1459,560,0,0,0,0,0,False,False,False
2016-04-18,0,30,0,0,13,13,0,1460,39865,0,0,1460,560,0,0,0,0,0,False,False,False
2016-04-19,0,30,0,0,13,13,0,1461,39889,0,0,1461,560,0,0,0,0,0,False,False,False
2016-04-20,0,30,0,0,13,13,0,1461,39913,0,0,1461,560,0,0,0,0,0,False,False,False
2016-04-21,0,30,0,0,13,13,0,1463,39937,0,0,1463,560,0,0,0,0,0,False,False,False
2016-04-22,0,30,0,0,13,13,0,1463,39961,0,0,1463,560,0,0,0,0,0,False,False,False
2016-04-23,0,30,0,0,13,13,0,1464,39985,0,0,1464,560,0,0,0,0,0,False,False,False
2016-04-24,0,30,0,0,13,13,0,1465,40009,0,0,1465,560,0,0,0,0,0,False,False,False
2016-04-25,0,30,0,0,13,13,0,1466,40033,0,0,1466,560,0,0,0,0,0,False,False,False
2016-04-26,0,30,0,0,13,13,0,1467,40057,0,0,1467,560,0,0,0,0,0,False,False,False
2016-04-27,0,30,0,0,13,13,0,1468,40081,0,0,1468,560,0,0,0,0,0,False,False,False
2016-04-28,0,30,0,0,13,13,0,1469,40105,0,0,1469,560,0,0,0,0,0,False,False,False
2016-04-29,0,30,0,0,13,13,0,1470,40129,0,0,1470,560,0,0,0,0,0,False,False,False
2016-04-30,0,29,0,0,13,13,0,1471,40153,0,0,1471,560,0,0,0,0,0,False,False,False
2016-05-01,0,29,0,0,13,13,0,1472,40177,0,0,1472,560,0,0,0,0,0,False,False,False
2016-05-02,0,30,0,0,13,13,0,1473,40201,0,0,1473,560,0,0,0,0,0,False,False,False
2016-05-03,0,30,0,0,13,13,0,1474,40225,0,0,1474,560,0,0,0,0,0,False,False,False
2016-05-04,0,30,0,0,13,13,0,1475,40249,0,0,1475,560,0,0,0,0,0,False,False,False
2016-05-05,0,30,0,0,13,13,0,1476,40273,0,0,1476,560,0,0,0,0,0,False,False,False
2016-05-06,0,31,0,0,13,13,0,1476,40297,0,0,1476,560,0,0,0,0,0,False,False,False
2016-05-07,0,31,0,0,13,13,0,1477,40321,0,0,1477,560,0,0,0,0,0,False,False,False
2016-05-08,0,30,0,0,13,13,0,1478,40345,0,0,1478,560,0,0,0,0,0,False,False,False
2016-05-09,0,31,0,0,13,13,0,1479,40369,0,0,1479,560,0,0,0,0,0,False,False,False
2016-05-10,0,31,0,0,13,13,0,1480,40393,0,0,1480,560,0,0,0,0,0,False,False,False
2016-05-11,0,31,0,0,13,13,0,1481,40417,0,0,1481,560,0,0,0,0,0,False,False,False
2016-05-12,0,31,0,0,13,13,0,1482,40441,0,0,1482,560,0,0,0,0,0,False,False,False
2016-05-13,0,31,0,0,13,13,0,1483,40465,0,0,1483,560,0,0,0,0,0,False,False,False
2016-05-14,0,31,0,0,13,13,0,1484,40489,0,0,1484,560,0,0,0,0,0,False,False,False
2016-05-15,0,31,0,0,13,13,0,1485,40513,0,0,1485,560,0,0,0,0,0,False,False,False
2016-05-16,0,31,0,0,13,13,0,1486,40537,0,0,1486,560,0,0,0,0,0,False,False,False
2016-05-17,0,31,0,0,13,13,0,1487,40561,0,0,1487,560,0,0,0,0,0,False,False,False
2016-05-18,0,32,0,0,13,13,0,1488,40585,0,0,1488,560,0,0,0,0,0,False,False,False
2016-05-19,0,30,0,0,14,14,0,1489,40609,0,0,1489,560,0,0,0,0,0,False,False,False
2016-05-20,0,30,0,0,14,14,0,1490,40633,0,0,1490,560,0,0,0,0,0,False,False,False
2016-05-21,0,30,0,0,14,14,0,1491,40657,0,0,1491,560,0,0,0,0,0,False,False,False
2016-05-22,0,30,0,0,14,14,0,1492,40681,0,0,1492,560,0,0,0,0,0,False,False,False
2016-05-23,0,30,0,0,14,14,0,1493,40705,0,0,1493,560,0,0,0,0,0,False,False,False
2016-05-24,0,30,0,0,14,14,0,1494,40729,0,0,1494,560,0,0,0,0,0,False,False,False
2016-05-25,0,30,0,0,14,14,0,1495,40753,0,0,1495,560,0,0,0,0,0,False,False,False
2016-05-26,0,31,0,0,14,14,0,1496,40777,0,0,1496,560,0,0,0,0,0,False,False,False
2016-05-27,0,30,0,0,14,14,0,1497,40801,0,0,1497,560,0,0,0,0,0,False,False,False
2016-05-28,0,30,0,0,14,14,0,1498,40825,0,0,1498,560,0,0,0,0,0,False,False,False
2016-05-29,0,30,0,0,14,14,0,1499,40849,0,0,1499,560,0,0,0,0,0,False,False,False
2016-05-30,0,30,0,0,14,14,0,1500,40873,0,0,1500,560,0,0,0,0,0,False,False,False
2016-05-31,0,31,0,0,14,14,0,1501,40897,0,0,1501,560,0,0,0,0,0,False,False,False
2016-06-01,0,31,0,0,14,14,0,1502,40921,0,0,1502,560,0,0,0,0,0,False,False,False
2016-06-02,0,30,0,0,14,14,0,1503,40945,0,0,1503,560,0,0,0,0,0,False,False,False
2016-06-03,0,31,0,0,14,14,0,1504,40969,0,0,1504,560,0,0,0,0,0,False,False,False
2016-06-04,0,31,0,0,14,14,0,1505,40993,0,0,1505,560,0,0,0,0,0,False,False,False
2016-06-05,0,31,0,0,14,14,0,1506,41017,0,0,1506,560,0,0,0,0,0,False,False,False
2016-06-06,0,31,0,0,14,14,0,1507,41041,0,0,1507,560,0,0,0,0,0,False,False,False
2016-06-07,0,31,0,0,14,14,0,1508,41065,0,0,1508,560,0,0,0,0,0,False,False,False
2016-06-08,0,31,0,0,14,14,0,1509,41089,0,0,1509,560,0,0,0,0,0,False,False,False
2016-06-09,0,31,0,0,14,14,0,1510,41113,0,0,1510,560,0,0,0,0,0,False,False,False
2016-06-10,0,31,0,0,14,14,0,1511,41137,0,0,1511,560,0,0,0,0,0,False,False,False
2016-06-11,0,31,0,0,14,14,0,1512,41161,0,0,1512,560,0,0,0,0,0,False,False,False
2016-06-12,0,30,0,0,14,14,0,1513,41185,0,0,1513,560,0,0,0,0,0,False,False,False
2016-06-13,0,31,0,0,14,14,0,1514,41209,0,0,1514,560,0,0,0,0,0,False,False,False
2016-06-14,0,30,0,0,14,14,0,1515,41233,0,0,1515,560,0,0,0,0,0,False,False,False
2016-06-15,0,31,0,0,14,14,0,1516,41257,0,0,1516,560,0,0,0,0,0,False,False,False
2016-06-16,0,32,0,0,14,14,0,1517,41281,0,0,1517,560,0,0,0,0,0,False,False,False
2016-06-17,0,31,0,0,14,14,0,1518,41305,0,0,1518,560,0,0,0,0,0,False,False,False
2016-06-18,0,32,0,0,14,14,0,1518,41329,0,0,1518,560,0,0,0,0,0,False,False,False
2016-06-19,0,31,0,0,14,14,0,1519,41353,0,0,1519,560,0,0,0,0,0,False,False,False
2016-06-20,0,32,0,0,14,14,0,1520,41377,0,0,1520,560,0,0,0,0,0,False,False,False
2016-06-21,0,33,0,0,14,14,0,1521,41401,0,0,1521,560,0,0,0,0,0,False,False,False
2016-06-22,0,33,0,0,14,14,0,1522,41425,0,0,1522,560,0,0,0,0,0,False,False,False
2016-06-23,0,33,0,0,14,14,0,1523,41449,0,0,1523,560,0,0,0,0,0,False,False,False
2016-06-24,0,33,0,0,14,14,0,1524,41473,0,0,1524,560,0,0,0,0,0,False,False,False
2016-06-25,0,33,0,0,14,14,0,1525,41497,0,0,1525,560,0,0,0,0,0,False,False,False
2016-06-26,0,34,0,0,14,14,0,1525,41521,0,0,1525,560,0,0,0,0,0,False,False,False
2016-06-27,0,34,0,0,14,14,0,1526,41545,0,0,1526,560,0,0,0,0,0,False,False,False
2016-06-28,0,34,0,0,14,14,0,1527,41569,0,0,1527,560,0,0,0,0,0,False,False,False
2016-06-29,0,34,0,0,14,14,0,1528,41593,0,0,1528,560,0,0,0,0,0,False,False,False
2016-06-30,0,34,0,0,14,14,0,1529,41617,0,0,1529,560,0,0,0,0,0,False,False,False
