date,failure,Smart 194: Temperature_Celsius (Raw Value),Smart 8: Seek_Time_Performance (Raw Value),Smart 1: Raw_Read_Error_Rate (Raw Value),Smart 12: Power_Cycle_Count (Raw Value),Smart 4: Start_Stop_Count (Raw Value),Smart 10: Spin_Retry_Count (Raw Value),Smart 192: Power-Off_Retract_Count (Raw Value),Smart 9: Power_On_Hours (Raw Value),Smart 2: Throughput_Performance (Raw Value),Smart 7: Seek_Error_Rate (Raw Value),Smart 193: Load_Cycle_Count (Raw Value),Smart 3: Spin_Up_Time (Raw Value),Smart 5: Reallocated_Sector_Ct (Raw Value),Smart 197: Current_Pending_Sector (Raw Value),Smart 198: Offline_Uncorrectable (Raw Value),Smart 199: UDMA_CRC_Error_Count (Raw Value),Smart 196: Reallocated_Event_Count (Raw Value),op_fail_30,op_fail_15,op_fail_1
2013-04-10,0,24,,0,,,,,18424,,,,,0,0,,,,False,False,False
2013-04-11,0,24,,0,,,,,18448,,,,,0,0,,,,False,False,False
2013-04-12,0,24,,0,,,,,18472,,,,,0,0,,,,False,False,False
2013-04-13,0,24,,0,,,,,18496,,,,,0,0,,,,False,False,False
2013-04-14,0,24,,0,,,,,18520,,,,,0,0,,,,False,False,False
2013-04-15,0,24,,0,,,,,18544,,,,,0,0,,,,False,False,False
2013-04-16,0,24,,0,,,,,18568,,,,,0,0,,,,False,False,False
2013-04-17,0,24,,0,,,,,18592,,,,,0,0,,,,False,False,False
2013-04-18,0,24,,0,,,,,18616,,,,,0,0,,,,False,False,False
2013-04-19,0,24,,0,,,,,18640,,,,,0,0,,,,False,False,False
2013-04-20,0,24,,0,,,,,18664,,,,,0,0,,,,False,False,False
2013-04-21,0,25,,0,,,,,18688,,,,,0,0,,,,False,False,False
2013-04-22,0,24,,0,,,,,18712,,,,,0,0,,,,False,False,False
2013-04-23,0,24,,0,,,,,18736,,,,,0,0,,,,False,False,False
2013-04-24,0,24,,0,,,,,18760,,,,,0,0,,,,False,False,False
2013-04-25,0,24,,0,,,,,18784,,,,,0,0,,,,False,False,False
2013-04-26,0,24,,0,,,,,18808,,,,,0,0,,,,False,False,False
2013-04-27,0,24,,0,,,,,18832,,,,,0,0,,,,False,False,False
2013-04-28,0,23,,0,,,,,18856,,,,,0,0,,,,False,False,False
2013-04-29,0,23,,0,,,,,18880,,,,,0,0,,,,False,False,False
2013-04-30,0,24,,0,,,,,18904,,,,,0,0,,,,False,False,False
2013-05-01,0,34,,0,,,,,18928,,,,,0,0,,,,False,False,False
2013-05-02,0,33,,0,,,,,18952,,,,,0,0,,,,False,False,False
2013-05-03,0,33,,0,,,,,18976,,,,,0,0,,,,False,False,False
2013-05-04,0,34,,0,,,,,19000,,,,,0,0,,,,False,False,False
2013-05-05,0,34,,0,,,,,19024,,,,,0,0,,,,False,False,False
2013-05-06,0,34,,0,,,,,19048,,,,,0,0,,,,False,False,False
2013-05-07,0,34,,0,,,,,19072,,,,,0,0,,,,False,False,False
2013-05-08,0,34,,0,,,,,19096,,,,,0,0,,,,False,False,False
2013-05-09,0,34,,0,,,,,19120,,,,,0,0,,,,False,False,False
2013-05-10,0,33,,0,,,,,19144,,,,,0,0,,,,False,False,False
2013-05-11,0,33,,0,,,,,19168,,,,,0,0,,,,False,False,False
2013-05-12,0,34,,0,,,,,19192,,,,,0,0,,,,False,False,False
2013-05-13,0,34,,0,,,,,19216,,,,,0,0,,,,False,False,False
2013-05-14,0,34,,0,,,,,19240,,,,,0,0,,,,False,False,False
2013-05-15,0,33,,0,,,,,19264,,,,,0,0,,,,False,False,False
2013-05-16,0,34,,1,,,,,19288,,,,,0,0,,,,False,False,False
2013-05-17,0,34,,0,,,,,19312,,,,,0,0,,,,False,False,False
2013-05-18,0,34,,0,,,,,19336,,,,,0,0,,,,False,False,False
2013-05-19,0,34,,0,,,,,19360,,,,,0,0,,,,False,False,False
2013-05-20,0,34,,0,,,,,19384,,,,,0,0,,,,False,False,False
2013-05-21,0,34,,0,,,,,19408,,,,,0,0,,,,False,False,False
2013-05-22,0,34,,0,,,,,19432,,,,,0,0,,,,False,False,False
2013-05-23,0,34,,0,,,,,19456,,,,,0,0,,,,False,False,False
2013-05-24,0,34,,0,,,,,19480,,,,,0,0,,,,False,False,False
2013-05-25,0,34,,0,,,,,19504,,,,,0,0,,,,False,False,False
2013-05-26,0,34,,0,,,,,19528,,,,,0,0,,,,False,False,False
2013-05-27,0,34,,0,,,,,19552,,,,,0,0,,,,False,False,False
2013-05-28,0,33,,0,,,,,19576,,,,,0,0,,,,False,False,False
2013-05-29,0,34,,0,,,,,19600,,,,,0,0,,,,False,False,False
2013-05-30,0,33,,0,,,,,19624,,,,,0,0,,,,False,False,False
2013-05-31,0,34,,0,,,,,19648,,,,,0,0,,,,False,False,False
2013-06-01,0,33,,0,,,,,19672,,,,,0,0,,,,False,False,False
2013-06-02,0,34,,0,,,,,19696,,,,,0,0,,,,False,False,False
2013-06-03,0,34,,0,,,,,19720,,,,,0,0,,,,False,False,False
2013-06-04,0,34,,0,,,,,19744,,,,,0,0,,,,False,False,False
2013-06-05,0,34,,0,,,,,19768,,,,,0,0,,,,False,False,False
2013-06-06,0,34,,0,,,,,19792,,,,,0,0,,,,False,False,False
2013-06-07,0,34,,0,,,,,19816,,,,,0,0,,,,False,False,False
2013-06-08,0,34,,0,,,,,19840,,,,,0,0,,,,False,False,False
2013-06-09,0,34,,0,,,,,19864,,,,,0,0,,,,False,False,False
2013-06-10,0,34,,0,,,,,19888,,,,,0,0,,,,False,False,False
2013-06-11,0,34,,0,,,,,19912,,,,,0,0,,,,False,False,False
2013-06-12,0,34,,0,,,,,19936,,,,,0,0,,,,False,False,False
2013-06-13,0,34,,0,,,,,19960,,,,,0,0,,,,False,False,False
2013-06-14,0,34,,0,,,,,19984,,,,,0,0,,,,False,False,False
2013-06-15,0,34,,0,,,,,20008,,,,,0,0,,,,False,False,False
2013-06-16,0,34,,0,,,,,20032,,,,,0,0,,,,False,False,False
2013-06-17,0,34,,0,,,,,20056,,,,,0,0,,,,False,False,False
2013-06-18,0,34,,0,,,,,20080,,,,,0,0,,,,False,False,False
2013-06-19,0,34,,0,,,,,20104,,,,,0,0,,,,False,False,False
2013-06-20,0,34,,0,,,,,20128,,,,,0,0,,,,False,False,False
2013-06-21,0,34,,0,,,,,20152,,,,,0,0,,,,False,False,False
2013-06-22,0,34,,0,,,,,20176,,,,,0,0,,,,False,False,False
2013-06-23,0,34,,0,,,,,20200,,,,,0,0,,,,False,False,False
2013-06-24,0,34,,0,,,,,20224,,,,,0,0,,,,False,False,False
2013-06-25,0,34,,0,,,,,20248,,,,,0,0,,,,False,False,False
2013-06-26,0,24,,0,,,,,20272,,,,,0,0,,,,False,False,False
2013-06-27,0,24,,2,,,,,20296,,,,,0,0,,,,False,False,False
2013-06-28,0,24,,0,,,,,20320,,,,,0,0,,,,False,False,False
2013-06-29,0,24,,0,,,,,20344,,,,,0,0,,,,False,False,False
2013-06-30,0,24,,0,,,,,20368,,,,,0,0,,,,False,False,False
2013-07-01,0,24,,0,,,,,20392,,,,,0,0,,,,False,False,False
2013-07-02,0,24,,0,,,,,20416,,,,,0,0,,,,False,False,False
2013-07-03,0,24,,0,,,,,20440,,,,,0,0,,,,False,False,False
2013-07-04,0,24,,1,,,,,20464,,,,,0,0,,,,False,False,False
2013-07-05,0,24,,0,,,,,20488,,,,,0,0,,,,False,False,False
2013-07-06,0,24,,0,,,,,20512,,,,,0,0,,,,False,False,False
2013-07-07,0,24,,0,,,,,20536,,,,,0,0,,,,False,False,False
2013-07-08,0,24,,0,,,,,20560,,,,,0,0,,,,False,False,False
2013-07-09,0,24,,0,,,,,20584,,,,,0,0,,,,False,False,False
2013-07-10,0,24,,0,,,,,20608,,,,,0,0,,,,False,False,False
2013-07-11,0,24,,0,,,,,20632,,,,,0,0,,,,False,False,False
2013-07-12,0,33,,0,,,,,20656,,,,,0,0,,,,False,False,False
2013-07-13,0,34,,0,,,,,20680,,,,,0,0,,,,False,False,False
2013-07-14,0,33,,0,,,,,20704,,,,,0,0,,,,False,False,False
2013-07-15,0,34,,0,,,,,20728,,,,,0,0,,,,False,False,False
2013-07-16,0,34,,0,,,,,20752,,,,,0,0,,,,False,False,False
2013-07-17,0,34,,0,,,,,20776,,,,,0,0,,,,False,False,False
2013-07-18,0,34,,0,,,,,20800,,,,,0,0,,,,False,False,False
2013-07-19,0,34,,0,,,,,20824,,,,,0,0,,,,False,False,False
2013-07-20,0,33,,0,,,,,20848,,,,,0,0,,,,False,False,False
2013-07-21,0,34,,0,,,,,20872,,,,,0,0,,,,False,False,False
2013-07-22,0,34,,0,,,,,20896,,,,,0,0,,,,False,False,False
2013-07-23,0,33,,0,,,,,20920,,,,,0,0,,,,False,False,False
2013-07-24,0,29,,0,,,,,20939,,,,,0,0,,,,False,False,False
2013-07-25,0,29,,0,,,,,20963,,,,,0,0,,,,False,False,False
2013-07-26,0,29,,0,,,,,20987,,,,,0,0,,,,False,False,False
2013-07-27,0,29,,0,,,,,21011,,,,,0,0,,,,False,False,False
2013-07-28,0,30,,0,,,,,21035,,,,,0,0,,,,False,False,False
2013-07-29,0,31,,0,,,,,21059,,,,,0,0,,,,False,False,False
2013-07-30,0,30,,0,,,,,21083,,,,,0,0,,,,False,False,False
2013-07-31,0,30,,0,,,,,21107,,,,,0,0,,,,False,False,False
2013-08-01,0,30,,196608,,,,,21131,,,,,0,0,,,,False,False,False
2013-08-02,0,30,,0,,,,,21155,,,,,0,0,,,,False,False,False
2013-08-03,0,30,,0,,,,,21179,,,,,0,0,,,,False,False,False
2013-08-04,0,30,,0,,,,,21203,,,,,0,0,,,,False,False,False
2013-08-05,0,30,,0,,,,,21227,,,,,0,0,,,,False,False,False
2013-08-06,0,29,,0,,,,,21251,,,,,0,0,,,,False,False,False
2013-08-07,0,29,,0,,,,,21275,,,,,0,0,,,,False,False,False
2013-08-08,0,30,,0,,,,,21299,,,,,0,0,,,,False,False,False
2013-08-09,0,30,,0,,,,,21323,,,,,0,0,,,,False,False,False
2013-08-10,0,30,,0,,,,,21347,,,,,0,0,,,,False,False,False
2013-08-11,0,30,,0,,,,,21371,,,,,0,0,,,,False,False,False
2013-08-12,0,30,,0,,,,,21395,,,,,0,0,,,,False,False,False
2013-08-13,0,30,,0,,,,,21419,,,,,0,0,,,,False,False,False
2013-08-14,0,30,,0,,,,,21443,,,,,0,0,,,,False,False,False
2013-08-15,0,30,,0,,,,,21467,,,,,0,0,,,,False,False,False
2013-08-16,0,30,,0,,,,,21491,,,,,0,0,,,,False,False,False
2013-08-17,0,30,,0,,,,,21515,,,,,0,0,,,,False,False,False
2013-08-18,0,30,,0,,,,,21539,,,,,0,0,,,,False,False,False
2013-08-19,0,27,,0,,,,,21563,,,,,0,0,,,,False,False,False
2013-10-15,0,27,,0,,,,,22931,,,,,0,1,,,,False,False,False
2013-10-16,0,26,,0,,,,,22955,,,,,0,1,,,,False,False,False
2013-10-17,0,27,,0,,,,,22979,,,,,0,1,,,,False,False,False
2013-10-18,0,27,,0,,,,,23003,,,,,0,1,,,,False,False,False
2013-10-19,0,26,,0,,,,,23027,,,,,0,1,,,,False,False,False
2013-10-20,0,27,,0,,,,,23051,,,,,0,1,,,,False,False,False
2013-10-21,0,27,,0,,,,,23075,,,,,0,1,,,,False,False,False
2013-10-22,0,27,,0,,,,,23099,,,,,0,1,,,,False,False,False
2013-10-23,0,27,,0,,,,,23123,,,,,0,1,,,,False,False,False
2013-10-24,0,27,,0,,,,,23147,,,,,0,1,,,,False,False,False
2013-10-25,0,27,,0,,,,,23171,,,,,0,1,,,,False,False,False
2013-10-26,0,27,,0,,,,,23195,,,,,0,1,,,,False,False,False
2013-10-27,0,27,,0,,,,,23219,,,,,0,1,,,,False,False,False
2013-10-28,0,27,,0,,,,,23243,,,,,0,1,,,,False,False,False
2013-10-29,0,27,,0,,,,,23267,,,,,0,1,,,,False,False,False
2013-10-30,0,27,,0,,,,,23291,,,,,0,1,,,,False,False,False
2013-10-31,0,27,,0,,,,,23315,,,,,0,1,,,,False,False,False
2013-11-01,0,27,,0,,,,,23339,,,,,0,1,,,,False,False,False
2013-11-02,0,29,,0,,,,,23363,,,,,0,1,,,,False,False,False
2013-11-03,0,27,,0,,,,,23387,,,,,0,1,,,,False,False,False
2013-11-04,0,29,,0,,,,,23412,,,,,0,1,,,,False,False,False
2013-11-05,0,28,,0,,,,,23436,,,,,0,1,,,,False,False,False
2013-11-06,0,27,,0,,,,,23460,,,,,0,1,,,,False,False,False
2013-11-07,0,27,,0,,,,,23484,,,,,0,1,,,,False,False,False
2013-11-08,0,26,,0,,,,,23508,,,,,0,1,,,,False,False,False
2013-11-09,0,26,,0,,,,,23532,,,,,0,1,,,,False,False,False
2013-11-10,0,27,,0,,,,,23556,,,,,0,1,,,,False,False,False
2013-11-11,0,28,,0,,,,,23580,,,,,0,1,,,,False,False,False
2013-11-12,0,27,,0,,,,,23604,,,,,0,1,,,,False,False,False
2013-11-13,0,27,,0,,,,,23628,,,,,0,1,,,,False,False,False
2013-11-14,0,27,,0,,,,,23652,,,,,0,1,,,,False,False,False
2013-11-15,0,27,,0,,,,,23676,,,,,0,1,,,,False,False,False
2013-11-16,0,27,,0,,,,,23700,,,,,0,1,,,,False,False,False
2013-11-17,0,27,,0,,,,,23724,,,,,0,1,,,,False,False,False
2013-11-18,0,27,,0,,,,,23748,,,,,0,1,,,,False,False,False
2013-11-19,0,27,,0,,,,,23772,,,,,0,1,,,,False,False,False
2013-11-20,0,27,,0,,,,,23796,,,,,0,1,,,,False,False,False
2013-11-21,0,27,,0,,,,,23820,,,,,0,1,,,,False,False,False
2013-11-22,0,27,,0,,,,,23844,,,,,0,1,,,,False,False,False
2013-11-23,0,27,,0,,,,,23868,,,,,0,1,,,,False,False,False
2013-11-24,0,27,,0,,,,,23892,,,,,0,1,,,,False,False,False
2013-11-25,0,27,,0,,,,,23916,,,,,0,1,,,,False,False,False
2013-11-26,0,27,,0,,,,,23940,,,,,0,1,,,,False,False,False
2013-11-27,0,27,,0,,,,,23964,,,,,0,1,,,,False,False,False
2013-11-28,0,27,,0,,,,,23988,,,,,0,1,,,,False,False,False
2013-11-29,0,27,,0,,,,,24012,,,,,0,1,,,,False,False,False
2013-11-30,0,27,,0,,,,,24036,,,,,0,1,,,,False,False,False
2013-12-01,0,27,,0,,,,,24060,,,,,0,1,,,,False,False,False
2013-12-02,0,27,,0,,,,,24084,,,,,0,1,,,,False,False,False
2013-12-03,0,27,,0,,,,,24108,,,,,0,1,,,,False,False,False
2013-12-04,0,27,,0,,,,,24132,,,,,0,1,,,,False,False,False
2013-12-05,0,27,,0,,,,,24156,,,,,0,1,,,,False,False,False
2013-12-06,0,27,,0,,,,,24180,,,,,0,1,,,,False,False,False
2013-12-07,0,27,,0,,,,,24204,,,,,0,1,,,,False,False,False
2013-12-08,0,27,,0,,,,,24228,,,,,0,1,,,,False,False,False
2013-12-09,0,27,,0,,,,,24252,,,,,0,1,,,,False,False,False
2013-12-10,0,27,,0,,,,,24276,,,,,0,1,,,,False,False,False
2013-12-11,0,27,,0,,,,,24300,,,,,0,1,,,,False,False,False
2013-12-12,0,27,,0,,,,,24324,,,,,0,1,,,,False,False,False
2013-12-13,0,27,,0,,,,,24348,,,,,0,1,,,,False,False,False
2013-12-14,0,27,,0,,,,,24372,,,,,0,1,,,,False,False,False
2013-12-15,0,27,,0,,,,,24396,,,,,0,1,,,,False,False,False
2013-12-16,0,27,,0,,,,,24420,,,,,0,1,,,,False,False,False
2013-12-17,0,27,,0,,,,,24444,,,,,0,1,,,,False,False,False
2013-12-18,0,27,,0,,,,,24468,,,,,0,1,,,,False,False,False
2013-12-19,0,27,,0,,,,,24492,,,,,0,1,,,,False,False,False
2013-12-20,0,27,,0,,,,,24516,,,,,0,1,,,,False,False,False
2013-12-21,0,27,,0,,,,,24540,,,,,0,1,,,,False,False,False
2013-12-22,0,27,,0,,,,,24564,,,,,0,1,,,,False,False,False
2013-12-23,0,27,,0,,,,,24588,,,,,0,1,,,,False,False,False
2013-12-24,0,27,,0,,,,,24612,,,,,0,1,,,,False,False,False
2013-12-25,0,27,,0,,,,,24636,,,,,0,1,,,,False,False,False
2013-12-26,0,26,,0,,,,,24660,,,,,0,1,,,,False,False,False
2013-12-27,0,27,,0,,,,,24684,,,,,0,1,,,,False,False,False
2013-12-28,0,27,,0,,,,,24708,,,,,0,1,,,,False,False,False
2013-12-29,0,27,,0,,,,,24732,,,,,0,1,,,,False,False,False
2013-12-30,0,27,,0,,,,,24756,,,,,0,1,,,,False,False,False
2013-12-31,0,27,,0,,,,,24780,,,,,0,1,,,,False,False,False
2014-01-01,0,27,,0,,,,,24804,,,,,0,1,,,,False,False,False
2014-01-02,0,26,,0,,,,,24828,,,,,0,1,,,,False,False,False
2014-01-03,0,27,,0,,,,,24852,,,,,0,1,,,,False,False,False
2014-01-04,0,27,,0,,,,,24876,,,,,0,1,,,,False,False,False
2014-01-05,0,27,,0,,,,,24900,,,,,0,1,,,,False,False,False
2014-01-06,0,27,,0,,,,,24924,,,,,0,1,,,,False,False,False
2014-01-07,0,27,,0,,,,,24948,,,,,0,1,,,,False,False,False
2014-01-08,0,27,,0,,,,,24972,,,,,0,1,,,,False,False,False
2014-01-09,0,27,,0,,,,,24996,,,,,0,1,,,,False,False,False
2014-01-10,0,27,,0,,,,,25020,,,,,0,1,,,,False,False,False
2014-01-11,0,27,,0,,,,,25044,,,,,0,1,,,,False,False,False
2014-01-12,0,27,,0,,,,,25068,,,,,0,1,,,,False,False,False
2014-01-13,0,26,,0,,,,,25092,,,,,0,1,,,,False,False,False
2014-01-14,0,27,,0,,,,,25116,,,,,0,1,,,,False,False,False
2014-01-15,0,27,,0,,,,,25140,,,,,0,1,,,,False,False,False
2014-01-16,0,27,,65536,,,,,25164,,,,,0,1,,,,False,False,False
2014-01-17,0,27,,0,,,,,25188,,,,,0,1,,,,False,False,False
2014-01-18,0,27,,0,,,,,25212,,,,,0,1,,,,False,False,False
2014-01-19,0,27,,0,,,,,25236,,,,,0,1,,,,False,False,False
2014-01-20,0,27,,0,,,,,25260,,,,,0,1,,,,False,False,False
2014-01-21,0,27,,0,,,,,25284,,,,,0,1,,,,False,False,False
2014-01-22,0,27,,0,,,,,25308,,,,,0,1,,,,False,False,False
2014-01-23,0,27,,0,,,,,25332,,,,,0,1,,,,False,False,False
2014-01-24,0,27,,0,,,,,25356,,,,,0,1,,,,False,False,False
2014-01-25,0,27,,0,,,,,25380,,,,,1,1,,,,False,False,False
2014-01-26,0,27,,0,,,,,25404,,,,,1,1,,,,False,False,False
2014-01-27,0,27,,1,,,,,25428,,,,,1,1,,,,False,False,False
2014-01-28,0,27,,0,,,,,25452,,,,,1,1,,,,False,False,False
2014-01-29,0,27,,0,,,,,25476,,,,,1,1,,,,False,False,False
2014-01-30,0,27,,0,,,,,25500,,,,,1,1,,,,False,False,False
2014-01-31,0,27,,0,,,,,25524,,,,,1,1,,,,False,False,False
2014-02-01,0,26,,0,,,,,25548,,,,,1,1,,,,False,False,False
2014-02-02,0,27,,0,,,,,25572,,,,,1,1,,,,False,False,False
2014-02-03,0,27,,0,,,,,25596,,,,,1,1,,,,False,False,False
2014-02-04,0,26,,0,,,,,25620,,,,,1,1,,,,False,False,False
2014-02-05,0,27,,0,,,,,25644,,,,,1,1,,,,False,False,False
2014-02-06,0,27,,0,,,,,25665,,,,,1,1,,,,False,False,False
2014-02-07,0,26,,0,,,,,25689,,,,,1,1,,,,False,False,False
2014-02-08,0,26,,0,,,,,25713,,,,,1,1,,,,False,False,False
2014-02-09,0,26,,0,,,,,25737,,,,,1,1,,,,False,False,False
2014-02-10,0,26,,0,,,,,25761,,,,,1,1,,,,False,False,False
2014-02-11,0,25,,0,,,,,25785,,,,,1,1,,,,False,False,False
2014-02-12,0,26,,0,,,,,25809,,,,,1,1,,,,False,False,False
2014-02-13,0,26,,0,,,,,25833,,,,,1,1,,,,False,False,False
2014-02-14,0,26,0,0,24,24,0,798,25857,0,0,798,611,1,1,0,0,1,False,False,False
2014-02-15,0,26,0,0,24,24,0,799,25881,0,0,799,611,1,1,0,0,1,False,False,False
2014-02-16,0,26,0,0,24,24,0,800,25904,0,0,800,611,1,1,0,0,1,False,False,False
2014-02-17,0,27,0,0,24,24,0,801,25929,0,0,801,611,1,1,0,0,1,False,False,False
2014-02-18,0,26,0,0,24,24,0,801,25953,0,0,801,611,1,1,0,0,1,False,False,False
2014-02-19,0,27,0,0,24,24,0,802,25976,0,0,802,611,1,1,0,0,1,False,False,False
2014-02-20,0,27,0,0,24,24,0,803,26000,0,0,803,611,1,1,0,0,1,False,False,False
2014-02-21,0,27,0,0,26,26,0,805,26022,0,0,805,620,1,1,0,0,1,False,False,False
2014-02-22,0,27,0,0,26,26,0,806,26047,0,0,806,620,1,1,0,0,1,False,False,False
2014-02-23,0,27,0,0,26,26,0,807,26071,0,0,807,620,1,1,0,0,1,False,False,False
2014-02-24,0,27,0,0,26,26,0,808,26095,0,0,808,620,1,1,0,0,1,False,False,False
2014-02-25,0,27,0,0,26,26,0,808,26119,0,0,808,620,2,3,0,0,2,False,False,False
2014-02-26,0,27,0,0,26,26,0,809,26143,0,0,809,620,2,3,0,0,2,False,False,False
2014-02-27,0,27,0,0,26,26,0,810,26167,0,0,810,620,2,3,0,0,2,False,False,False
2014-02-28,0,27,0,0,26,26,0,811,26190,0,0,811,620,2,3,0,0,2,False,False,False
2014-03-01,0,27,0,0,26,26,0,812,26215,0,0,812,620,2,3,0,0,2,False,False,False
2014-03-02,0,27,0,0,26,26,0,813,26239,0,0,813,620,2,3,0,0,2,False,False,False
2014-03-03,0,27,0,0,26,26,0,814,26262,0,0,814,620,2,3,0,0,2,False,False,False
2014-03-04,0,27,0,0,26,26,0,815,26287,0,0,815,620,2,3,0,0,2,False,False,False
2014-03-05,0,27,0,0,26,26,0,816,26311,0,0,816,620,2,3,0,0,2,False,False,False
2014-03-06,0,27,0,0,26,26,0,817,26335,0,0,817,620,2,3,0,0,2,False,False,False
2014-03-07,0,28,0,0,26,26,0,817,26358,0,0,817,620,2,3,0,0,2,False,False,False
2014-03-08,0,27,0,0,26,26,0,818,26383,0,0,818,620,2,3,0,0,2,False,False,False
2014-03-09,0,27,0,0,26,26,0,819,26407,0,0,819,620,2,3,0,0,2,False,False,False
2014-03-10,0,27,0,0,26,26,0,820,26430,0,0,820,620,2,3,0,0,2,False,False,False
2014-03-11,0,27,0,0,26,26,0,821,26453,0,0,821,620,2,3,0,0,2,False,False,False
2014-03-12,0,27,0,0,26,26,0,821,26478,0,0,821,620,2,3,0,0,2,False,False,False
2014-03-13,0,27,0,0,26,26,0,822,26502,0,0,822,620,2,3,0,0,2,False,False,False
2014-03-14,0,27,0,0,26,26,0,823,26525,0,0,823,620,2,3,0,0,2,False,False,False
2014-03-15,0,27,0,0,26,26,0,824,26550,0,0,824,620,2,3,0,0,2,False,False,False
2014-03-16,0,27,0,0,26,26,0,825,26574,0,0,825,620,2,3,0,0,2,False,False,False
2014-03-17,0,27,0,0,26,26,0,826,26597,0,0,826,620,2,3,0,0,2,False,False,False
2014-03-18,0,27,0,0,26,26,0,827,26622,0,0,827,620,2,3,0,0,2,False,False,False
2014-03-19,0,27,0,0,26,26,0,828,26646,0,0,828,620,2,3,0,0,2,False,False,False
2014-03-20,0,27,0,0,26,26,0,829,26670,0,0,829,620,2,3,0,0,2,False,False,False
2014-03-21,0,27,0,0,26,26,0,830,26693,0,0,830,620,2,3,0,0,2,False,False,False
2014-03-22,0,27,0,0,26,26,0,831,26718,0,0,831,620,2,3,0,0,2,False,False,False
2014-03-23,0,28,0,0,26,26,0,832,26742,0,0,832,620,2,3,0,0,2,False,False,False
2014-03-24,0,27,0,0,26,26,0,833,26765,0,0,833,620,2,3,0,0,2,False,False,False
2014-03-25,0,27,0,0,26,26,0,833,26790,0,0,833,620,2,3,0,0,2,False,False,False
2014-03-26,0,26,0,0,26,26,0,834,26814,0,0,834,620,2,3,0,0,2,False,False,False
2014-03-27,0,26,0,0,26,26,0,835,26837,0,0,835,620,2,3,0,0,2,False,False,False
2014-03-28,0,26,0,0,26,26,0,836,26862,0,0,836,620,2,3,0,0,2,False,False,False
2014-03-29,0,27,0,0,26,26,0,837,26886,0,0,837,620,2,3,0,0,2,False,False,False
2014-03-30,0,26,0,0,26,26,0,838,26910,0,0,838,620,2,3,0,0,2,False,False,False
2014-03-31,0,26,0,0,26,26,0,839,26934,0,0,839,620,2,3,0,0,2,False,False,False
2014-04-01,0,27,0,0,26,26,0,840,26958,0,0,840,620,2,3,0,0,2,False,False,False
2014-04-02,0,27,0,0,26,26,0,841,26982,0,0,841,620,2,3,0,0,2,False,False,False
2014-04-03,0,27,0,0,26,26,0,842,27005,0,0,842,620,2,3,0,0,2,False,False,False
2014-04-04,0,27,0,0,26,26,0,843,27030,0,0,843,620,2,3,0,0,2,False,False,False
2014-04-05,0,26,0,0,26,26,0,844,27054,0,0,844,620,2,3,0,0,2,False,False,False
2014-04-06,0,26,0,0,26,26,0,845,27077,0,0,845,620,2,3,0,0,2,False,False,False
2014-04-07,0,26,0,0,26,26,0,845,27102,0,0,845,620,2,3,0,0,2,False,False,False
2014-04-08,0,26,0,0,26,26,0,846,27126,0,0,846,620,2,3,0,0,2,False,False,False
2014-04-09,0,26,0,0,26,26,0,847,27149,0,0,847,620,2,3,0,0,2,False,False,False
2014-04-10,0,26,0,0,26,26,0,848,27173,0,0,848,620,2,3,0,0,2,False,False,False
2014-04-11,0,26,0,0,26,26,0,849,27198,0,0,849,620,2,3,0,0,2,False,False,False
2014-04-12,0,26,0,0,26,26,0,850,27222,0,0,850,620,2,3,0,0,2,False,False,False
2014-04-13,0,26,0,0,26,26,0,850,27245,0,0,850,620,2,3,0,0,2,False,False,False
2014-04-14,0,26,0,0,26,26,0,851,27270,0,0,851,620,2,3,0,0,2,False,False,False
2014-04-15,0,26,0,0,26,26,0,852,27294,0,0,852,620,2,3,0,0,2,False,False,False
2014-04-16,0,26,0,0,26,26,0,853,27317,0,0,853,620,2,3,0,0,2,False,False,False
2014-04-17,0,26,0,0,26,26,0,854,27342,0,0,854,620,2,3,0,0,2,False,False,False
2014-04-18,0,26,0,0,26,26,0,855,27366,0,0,855,620,2,3,0,0,2,False,False,False
2014-04-19,0,26,0,0,26,26,0,856,27389,0,0,856,620,2,3,0,0,2,False,False,False
2014-04-20,0,26,0,0,26,26,0,857,27414,0,0,857,620,2,3,0,0,2,False,False,False
2014-04-21,0,28,0,0,26,26,0,858,27438,0,0,858,620,2,3,0,0,2,False,False,False
2014-04-22,0,26,0,0,26,26,0,859,27462,0,0,859,620,2,3,0,0,2,False,False,False
2014-04-23,0,26,0,0,26,26,0,860,27486,0,0,860,620,2,3,0,0,2,False,False,False
2014-04-24,0,27,0,0,26,26,0,861,27510,0,0,861,620,2,3,0,0,2,False,False,False
2014-04-25,0,26,0,0,26,26,0,862,27534,0,0,862,620,2,3,0,0,2,False,False,False
2014-04-26,0,26,0,0,26,26,0,863,27557,0,0,863,620,2,3,0,0,2,False,False,False
2014-04-27,0,27,0,0,26,26,0,864,27582,0,0,864,620,2,3,0,0,2,False,False,False
2014-04-28,0,27,0,0,26,26,0,864,27606,0,0,864,620,2,3,0,0,2,False,False,False
2014-04-29,0,27,0,0,26,26,0,865,27629,0,0,865,620,2,3,0,0,2,False,False,False
2014-04-30,0,27,0,0,27,27,0,866,27653,0,0,866,620,2,3,0,0,2,False,False,False
2014-05-01,0,27,0,0,27,27,0,867,27678,0,0,867,620,2,3,0,0,2,False,False,False
2014-05-02,0,27,0,0,27,27,0,868,27702,0,0,868,620,2,3,0,0,2,False,False,False
2014-05-03,0,26,0,0,27,27,0,869,27725,0,0,869,620,2,3,0,0,2,False,False,False
2014-05-04,0,27,0,0,27,27,0,870,27750,0,0,870,620,2,3,0,0,2,False,False,False
2014-05-05,0,27,0,0,27,27,0,871,27774,0,0,871,620,2,3,0,0,2,False,False,False
2014-05-06,0,27,0,0,27,27,0,872,27797,0,0,872,620,2,3,0,0,2,False,False,False
2014-05-07,0,28,0,0,27,27,0,873,27821,0,0,873,620,2,3,0,0,2,False,False,False
2014-05-08,0,28,0,0,27,27,0,874,27846,0,0,874,620,2,3,0,0,2,False,False,False
2014-05-09,0,27,0,0,27,27,0,874,27869,0,0,874,620,2,3,0,0,2,False,False,False
2014-05-10,0,28,0,0,27,27,0,875,27893,0,0,875,620,2,3,0,0,2,False,False,False
2014-05-11,0,27,0,0,27,27,0,876,27918,0,0,876,620,2,3,0,0,2,False,False,False
2014-05-12,0,27,0,0,27,27,0,877,27942,0,0,877,620,2,3,0,0,2,False,False,False
2014-05-13,0,27,0,0,27,27,0,877,27965,0,0,877,620,2,3,0,0,2,False,False,False
2014-05-14,0,28,0,0,27,27,0,878,27990,0,0,878,620,2,3,0,0,2,False,False,False
2014-05-15,0,28,0,0,27,27,0,879,28014,0,0,879,620,2,3,0,0,2,False,False,False
2014-05-16,0,28,0,0,27,27,0,880,28037,0,0,880,620,2,3,0,0,2,False,False,False
2014-05-17,0,29,0,0,27,27,0,880,28061,0,0,880,620,2,3,0,0,2,False,False,False
2014-05-18,0,30,0,0,27,27,0,881,28086,0,0,881,620,2,3,0,0,2,False,False,False
2014-05-19,0,31,0,0,27,27,0,881,28109,0,0,881,620,2,3,0,0,2,False,False,False
2014-05-20,0,30,0,0,27,27,0,882,28133,0,0,882,620,2,3,0,0,2,False,False,False
2014-05-21,0,30,0,0,27,27,0,883,28158,0,0,883,620,2,3,0,0,2,False,False,False
2014-05-22,0,30,0,0,27,27,0,884,28181,0,0,884,620,2,3,0,0,2,False,False,False
2014-05-23,0,30,0,0,27,27,0,885,28205,0,0,885,620,2,3,0,0,2,False,False,False
2014-05-24,0,30,0,0,27,27,0,886,28230,0,0,886,620,2,3,0,0,2,False,False,False
2014-05-25,0,30,0,0,27,27,0,887,28254,0,0,887,620,2,3,0,0,2,False,False,False
2014-05-26,0,30,0,0,27,27,0,887,28277,0,0,887,620,2,3,0,0,2,False,False,False
2014-05-27,0,30,0,1,27,27,0,888,28302,0,0,888,620,2,3,0,0,2,False,False,False
2014-05-28,0,30,0,0,27,27,0,889,28326,0,0,889,620,2,3,0,0,2,False,False,False
2014-05-29,0,30,0,0,27,27,0,890,28349,0,0,890,620,2,3,0,0,2,False,False,False
2014-05-30,0,30,0,0,27,27,0,891,28374,0,0,891,620,2,3,0,0,2,False,False,False
2014-05-31,0,31,0,0,27,27,0,891,28398,0,0,891,620,2,3,0,0,2,False,False,False
2014-06-01,0,30,0,0,27,27,0,892,28421,0,0,892,620,2,3,0,0,2,False,False,False
2014-06-02,0,30,0,0,27,27,0,893,28445,0,0,893,620,2,3,0,0,2,False,False,False
2014-06-03,0,30,0,0,27,27,0,894,28470,0,0,894,620,2,3,0,0,2,False,False,False
2014-06-04,0,31,0,0,27,27,0,895,28494,0,0,895,620,2,3,0,0,2,False,False,False
2014-06-05,0,31,0,0,27,27,0,895,28517,0,0,895,620,2,3,0,0,2,False,False,False
2014-06-06,0,31,0,0,27,27,0,896,28542,0,0,896,620,2,3,0,0,2,False,False,False
2014-06-07,0,31,0,0,27,27,0,897,28566,0,0,897,620,2,3,0,0,2,False,False,False
2014-06-08,0,31,0,0,27,27,0,898,28589,0,0,898,620,2,3,0,0,2,False,False,False
2014-06-09,0,31,0,0,27,27,0,899,28613,0,0,899,620,2,3,0,0,2,False,False,False
2014-06-10,0,31,0,0,27,27,0,900,28638,0,0,900,620,2,3,0,0,2,False,False,False
2014-06-11,0,31,0,0,27,27,0,901,28661,0,0,901,620,2,3,0,0,2,False,False,False
2014-06-12,0,31,0,0,27,27,0,902,28685,0,0,902,620,2,3,0,0,2,False,False,False
2014-06-13,0,30,0,0,27,27,0,902,28710,0,0,902,620,2,3,0,0,2,False,False,False
2014-06-14,0,31,0,0,27,27,0,903,28733,0,0,903,620,2,3,0,0,2,False,False,False
2014-06-15,0,31,0,0,27,27,0,904,28757,0,0,904,620,2,3,0,0,2,False,False,False
2014-06-16,0,31,0,0,27,27,0,905,28782,0,0,905,620,2,3,0,0,2,False,False,False
2014-06-17,0,30,0,0,27,27,0,906,28806,0,0,906,620,2,3,0,0,2,False,False,False
2014-06-18,0,31,0,0,27,27,0,906,28829,0,0,906,620,2,3,0,0,2,False,False,False
2014-06-19,0,31,0,0,27,27,0,907,28854,0,0,907,620,2,3,0,0,2,False,False,False
2014-06-20,0,31,0,0,27,27,0,908,28878,0,0,908,620,2,3,0,0,2,False,False,False
2014-06-21,0,31,0,0,27,27,0,909,28901,0,0,909,620,2,3,0,0,2,False,False,False
2014-06-22,0,31,0,0,27,27,0,910,28925,0,0,910,620,2,3,0,0,2,False,False,False
2014-06-23,0,31,0,0,27,27,0,911,28950,0,0,911,620,2,3,0,0,2,False,False,False
2014-06-24,0,31,0,0,27,27,0,911,28973,0,0,911,620,2,3,0,0,2,False,False,False
2014-06-25,0,31,0,0,27,27,0,912,28997,0,0,912,620,2,3,0,0,2,False,False,False
2014-06-26,0,31,0,0,27,27,0,913,29022,0,0,913,620,2,3,0,0,2,False,False,False
2014-06-27,0,31,0,0,27,27,0,914,29046,0,0,914,620,2,3,0,0,2,False,False,False
2014-06-28,0,31,0,0,27,27,0,915,29069,0,0,915,620,2,3,0,0,2,False,False,False
2014-06-29,0,31,0,0,27,27,0,916,29094,0,0,916,620,2,3,0,0,2,False,False,False
2014-06-30,0,31,0,0,27,27,0,917,29118,0,0,917,620,2,3,0,0,2,False,False,False
2014-07-01,0,31,0,0,27,27,0,917,29141,0,0,917,620,2,3,0,0,2,False,False,False
2014-07-02,0,31,0,0,27,27,0,918,29165,0,0,918,620,2,3,0,0,2,False,False,False
2014-07-03,0,31,0,0,27,27,0,919,29190,0,0,919,620,2,3,0,0,2,False,False,False
2014-07-04,0,30,0,0,27,27,0,920,29213,0,0,920,620,2,3,0,0,2,False,False,False
2014-07-05,0,30,0,0,27,27,0,921,29237,0,0,921,620,2,3,0,0,2,False,False,False
2014-07-06,0,30,0,0,27,27,0,922,29262,0,0,922,620,2,3,0,0,2,False,False,False
2014-07-07,0,30,0,0,27,27,0,923,29285,0,0,923,620,2,3,0,0,2,False,False,False
2014-07-08,0,30,0,0,27,27,0,924,29309,0,0,924,620,2,3,0,0,2,False,False,False
2014-07-09,0,31,0,0,27,27,0,925,29334,0,0,925,620,2,3,0,0,2,False,False,False
2014-07-10,0,31,0,65536,27,27,0,926,29358,0,0,926,620,2,3,0,0,2,False,False,False
2014-07-11,0,30,0,65536,27,27,0,927,29381,0,0,927,620,2,3,0,0,2,False,False,False
2014-07-12,0,31,0,0,27,27,0,928,29405,0,0,928,620,2,3,0,0,2,False,False,False
2014-07-13,0,31,0,0,27,27,0,929,29430,0,0,929,620,2,3,0,0,2,False,False,False
2014-07-14,0,30,0,0,27,27,0,929,29453,0,0,929,620,2,3,0,0,2,False,False,False
2014-07-15,0,31,0,0,27,27,0,930,29477,0,0,930,620,2,3,0,0,2,False,False,False
2014-07-16,0,31,0,0,27,27,0,931,29502,0,0,931,620,2,3,0,0,2,False,False,False
2014-07-17,0,31,0,0,27,27,0,932,29525,0,0,932,620,2,3,0,0,2,False,False,False
2014-07-18,0,31,0,0,27,27,0,933,29549,0,0,933,620,2,3,0,0,2,False,False,False
2014-07-19,0,31,0,0,27,27,0,934,29574,0,0,934,620,2,3,0,0,2,False,False,False
2014-07-20,0,31,0,0,27,27,0,935,29598,0,0,935,620,2,3,0,0,2,False,False,False
2014-07-21,0,30,0,0,27,27,0,936,29621,0,0,936,620,2,3,0,0,2,False,False,False
2014-07-22,0,30,0,0,27,27,0,936,29646,0,0,936,620,2,3,0,0,2,False,False,False
2014-07-23,0,27,0,0,27,27,0,937,29670,0,0,937,620,2,3,0,0,2,False,False,False
2014-07-24,0,27,0,65536,27,27,0,938,29693,0,0,938,620,2,3,0,0,2,False,False,False
2014-07-25,0,27,0,0,27,27,0,939,29718,0,0,939,620,2,3,0,0,2,False,False,False
2014-07-26,0,27,0,0,27,27,0,940,29742,0,0,940,620,2,3,0,0,2,False,False,False
2014-07-27,0,27,0,0,27,27,0,941,29765,0,0,941,620,2,3,0,0,2,False,False,False
2014-07-28,0,27,0,0,27,27,0,942,29789,0,0,942,620,2,3,0,0,2,False,False,False
2014-07-29,0,27,0,0,27,27,0,942,29814,0,0,942,620,2,3,0,0,2,False,False,False
2014-07-30,0,27,0,0,27,27,0,943,29838,0,0,943,620,2,3,0,0,2,False,False,False
2014-07-31,0,27,0,0,27,27,0,944,29861,0,0,944,620,2,3,0,0,2,False,False,False
2014-08-01,0,27,0,0,27,27,0,945,29886,0,0,945,620,2,3,0,0,2,False,False,False
2014-08-02,0,27,0,0,27,27,0,946,29910,0,0,946,620,2,3,0,0,2,False,False,False
2014-08-03,0,27,0,0,27,27,0,947,29933,0,0,947,620,2,3,0,0,2,False,False,False
2014-08-04,0,26,0,0,27,27,0,948,29957,0,0,948,620,2,3,0,0,2,False,False,False
2014-08-05,0,26,0,0,27,27,0,948,29981,0,0,948,620,2,3,0,0,2,False,False,False
2014-08-06,0,26,0,0,27,27,0,948,30006,0,0,948,620,2,3,0,0,2,False,False,False
2014-08-07,0,26,0,0,28,28,0,949,30029,0,0,949,620,2,3,0,0,2,False,False,False
2014-08-08,0,27,0,0,28,28,0,949,30053,0,0,949,620,2,3,0,0,2,False,False,False
2014-08-09,0,27,0,0,28,28,0,950,30077,0,0,950,620,2,3,0,0,2,False,False,False
2014-08-10,0,31,0,0,28,28,0,951,30101,0,0,951,620,2,3,0,0,2,False,False,False
2014-08-11,0,31,0,0,28,28,0,952,30125,0,0,952,620,2,3,0,0,2,False,False,False
2014-08-12,0,31,0,0,28,28,0,953,30149,0,0,953,620,2,3,0,0,2,False,False,False
2014-08-13,0,31,0,0,28,28,0,954,30173,0,0,954,620,2,3,0,0,2,False,False,False
2014-08-14,0,31,0,0,28,28,0,954,30197,0,0,954,620,2,3,0,0,2,False,False,False
2014-08-15,0,31,0,0,28,28,0,955,30221,0,0,955,620,2,3,0,0,2,False,False,False
2014-08-16,0,29,0,0,28,28,0,956,30245,0,0,956,620,2,3,0,0,2,False,False,False
2014-08-17,0,30,0,0,28,28,0,957,30269,0,0,957,620,2,3,0,0,2,False,False,False
2014-08-18,0,30,0,0,28,28,0,958,30293,0,0,958,620,2,3,0,0,2,False,False,False
2014-08-19,0,30,0,0,28,28,0,959,30317,0,0,959,620,2,3,0,0,2,False,False,False
2014-08-20,0,30,0,0,28,28,0,960,30341,0,0,960,620,2,3,0,0,2,False,False,False
2014-08-21,0,30,0,0,28,28,0,961,30365,0,0,961,620,2,3,0,0,2,False,False,False
2014-08-22,0,29,0,0,28,28,0,962,30389,0,0,962,620,2,3,0,0,2,False,False,False
2014-08-23,0,29,0,0,28,28,0,963,30413,0,0,963,620,2,3,0,0,2,False,False,False
2014-08-24,0,29,0,0,28,28,0,964,30437,0,0,964,620,2,3,0,0,2,False,False,False
2014-08-25,0,29,0,0,28,28,0,964,30461,0,0,964,620,2,3,0,0,2,False,False,False
2014-08-26,0,28,0,0,28,28,0,965,30485,0,0,965,620,2,3,0,0,2,False,False,False
2014-08-27,0,28,0,0,28,28,0,966,30509,0,0,966,620,2,3,0,0,2,False,False,False
2014-08-28,0,28,0,0,28,28,0,967,30533,0,0,967,620,2,3,0,0,2,False,False,False
2014-08-29,0,28,0,0,28,28,0,968,30557,0,0,968,620,2,3,0,0,2,False,False,False
2014-08-30,0,28,0,0,28,28,0,969,30581,0,0,969,620,2,3,0,0,2,False,False,False
2014-08-31,0,28,0,0,28,28,0,970,30605,0,0,970,620,2,3,0,0,2,False,False,False
2014-09-01,0,28,0,0,28,28,0,971,30629,0,0,971,620,2,3,0,0,2,False,False,False
2014-09-02,0,28,0,0,28,28,0,971,30653,0,0,971,620,2,3,0,0,2,False,False,False
2014-09-03,0,28,0,0,28,28,0,972,30677,0,0,972,620,2,3,0,0,2,False,False,False
2014-09-04,0,28,0,0,28,28,0,973,30701,0,0,973,620,2,3,0,0,2,False,False,False
2014-09-05,0,28,0,0,28,28,0,974,30725,0,0,974,620,2,3,0,0,2,False,False,False
2014-09-06,0,29,0,0,28,28,0,975,30749,0,0,975,620,2,3,0,0,2,False,False,False
2014-09-07,0,28,0,0,28,28,0,976,30773,0,0,976,620,2,3,0,0,2,False,False,False
2014-09-08,0,28,0,0,28,28,0,977,30797,0,0,977,620,2,3,0,0,2,False,False,False
2014-09-09,0,28,0,0,28,28,0,977,30821,0,0,977,620,2,3,0,0,2,False,False,False
2014-09-10,0,28,0,0,28,28,0,978,30845,0,0,978,620,2,3,0,0,2,False,False,False
2014-09-11,0,29,0,0,28,28,0,979,30869,0,0,979,620,2,3,0,0,2,False,False,False
2014-09-12,0,29,0,0,28,28,0,980,30893,0,0,980,620,2,3,0,0,2,False,False,False
2014-09-13,0,30,0,0,28,28,0,980,30917,0,0,980,620,2,3,0,0,2,False,False,False
2014-09-14,0,30,0,0,28,28,0,981,30941,0,0,981,620,2,3,0,0,2,False,False,False
2014-09-15,0,30,0,0,28,28,0,982,30965,0,0,982,620,2,3,0,0,2,False,False,False
2014-09-16,0,30,0,0,28,28,0,983,30989,0,0,983,620,2,3,0,0,2,False,False,False
2014-09-17,0,29,0,0,28,28,0,984,31013,0,0,984,620,2,3,0,0,2,False,False,False
2014-09-18,0,29,0,0,28,28,0,985,31037,0,0,985,620,2,3,0,0,2,False,False,False
2014-09-19,0,30,0,0,28,28,0,985,31061,0,0,985,620,2,3,0,0,2,False,False,False
2014-09-20,0,30,0,0,28,28,0,986,31085,0,0,986,620,2,3,0,0,2,False,False,False
2014-09-21,0,30,0,0,28,28,0,987,31109,0,0,987,620,2,3,0,0,2,False,False,False
2014-09-22,0,30,0,0,28,28,0,988,31133,0,0,988,620,2,3,0,0,2,False,False,False
2014-09-23,0,30,0,0,28,28,0,989,31157,0,0,989,620,2,3,0,0,2,False,False,False
2014-09-24,0,27,0,0,28,28,0,989,31181,0,0,989,620,2,3,0,0,2,False,False,False
2014-09-25,0,28,0,0,28,28,0,990,31205,0,0,990,620,2,3,0,0,2,False,False,False
2014-09-26,0,28,0,0,28,28,0,991,31229,0,0,991,620,2,3,0,0,2,False,False,False
2014-09-27,0,28,0,0,28,28,0,992,31253,0,0,992,620,2,3,0,0,2,False,False,False
2014-09-28,0,28,0,0,28,28,0,993,31277,0,0,993,620,2,3,0,0,2,False,False,False
2014-09-29,0,28,0,0,28,28,0,994,31301,0,0,994,620,2,3,0,0,2,False,False,False
2014-09-30,0,27,0,0,28,28,0,994,31325,0,0,994,620,2,3,0,0,2,False,False,False
2014-10-01,0,29,0,0,28,28,0,995,31349,0,0,995,620,2,3,0,0,2,False,False,False
2014-10-02,0,27,0,0,28,28,0,996,31373,0,0,996,620,2,3,0,0,2,False,False,False
2014-10-03,0,28,0,0,28,28,0,997,31397,0,0,997,620,2,3,0,0,2,False,False,False
2014-10-04,0,28,0,0,28,28,0,998,31421,0,0,998,620,2,3,0,0,2,False,False,False
2014-10-05,0,28,0,0,28,28,0,999,31445,0,0,999,620,2,3,0,0,2,False,False,False
2014-10-06,0,28,0,0,28,28,0,999,31469,0,0,999,620,2,3,0,0,2,False,False,False
2014-10-07,0,28,0,0,28,28,0,1000,31493,0,0,1000,620,2,3,0,0,2,False,False,False
2014-10-08,0,28,0,0,28,28,0,1001,31517,0,0,1001,620,2,3,0,0,2,False,False,False
2014-10-09,0,28,0,0,28,28,0,1002,31541,0,0,1002,620,2,3,0,0,2,False,False,False
2014-10-10,0,29,0,0,28,28,0,1003,31565,0,0,1003,620,2,3,0,0,2,False,False,False
2014-10-11,0,29,0,0,28,28,0,1004,31589,0,0,1004,620,2,3,0,0,2,False,False,False
2014-10-12,0,29,0,0,28,28,0,1005,31613,0,0,1005,620,2,3,0,0,2,False,False,False
2014-10-13,0,28,0,0,28,28,0,1005,31637,0,0,1005,620,2,3,0,0,2,False,False,False
2014-10-14,0,28,0,0,28,28,0,1006,31661,0,0,1006,620,2,3,0,0,2,False,False,False
2014-10-15,0,27,0,0,28,28,0,1007,31685,0,0,1007,620,2,3,0,0,2,False,False,False
2014-10-16,0,28,0,0,28,28,0,1008,31709,0,0,1008,620,2,3,0,0,2,False,False,False
2014-10-17,0,28,0,0,28,28,0,1009,31733,0,0,1009,620,2,3,0,0,2,False,False,False
2014-10-18,0,28,0,0,28,28,0,1010,31757,0,0,1010,620,2,3,0,0,2,False,False,False
2014-10-19,0,28,0,0,28,28,0,1011,31781,0,0,1011,620,2,3,0,0,2,False,False,False
2014-10-20,0,27,0,0,28,28,0,1012,31805,0,0,1012,620,2,3,0,0,2,False,False,False
2014-10-21,0,28,0,0,28,28,0,1012,31829,0,0,1012,620,2,3,0,0,2,False,False,False
2014-10-22,0,28,0,0,28,28,0,1013,31853,0,0,1013,620,2,3,0,0,2,False,False,False
2014-10-23,0,28,0,0,28,28,0,1014,31877,0,0,1014,620,2,3,0,0,2,False,False,False
2014-10-24,0,27,0,0,28,28,0,1015,31901,0,0,1015,620,2,3,0,0,2,False,False,False
2014-10-25,0,28,0,0,28,28,0,1016,31925,0,0,1016,620,2,3,0,0,2,False,False,False
2014-10-26,0,28,0,0,28,28,0,1017,31949,0,0,1017,620,2,3,0,0,2,False,False,False
2014-10-27,0,28,0,0,28,28,0,1018,31973,0,0,1018,620,2,3,0,0,2,False,False,False
2014-10-28,0,28,0,0,28,28,0,1019,31997,0,0,1019,620,2,3,0,0,2,False,False,False
2014-10-29,0,28,0,0,28,28,0,1020,32021,0,0,1020,620,2,3,0,0,2,False,False,False
2014-10-30,0,28,0,0,28,28,0,1020,32045,0,0,1020,620,2,3,0,0,2,False,False,False
2014-10-31,0,28,0,0,28,28,0,1021,32069,0,0,1021,620,2,3,0,0,2,False,False,False
2014-11-01,0,28,0,0,28,28,0,1022,32093,0,0,1022,620,2,3,0,0,2,False,False,False
2014-11-03,0,28,0,0,28,28,0,1024,32142,0,0,1024,620,2,3,0,0,2,False,False,False
2014-11-04,0,28,0,0,28,28,0,1024,32166,0,0,1024,620,2,3,0,0,2,False,False,False
2014-11-05,0,31,0,0,28,28,0,1025,32190,0,0,1025,620,2,3,0,0,2,False,False,False
2014-11-06,0,28,0,0,28,28,0,1026,32214,0,0,1026,620,2,3,0,0,2,False,False,False
2014-11-07,0,28,0,0,28,28,0,1027,32238,0,0,1027,620,2,3,0,0,2,False,False,False
2014-11-08,0,28,0,0,28,28,0,1028,32262,0,0,1028,620,2,3,0,0,2,False,False,False
2014-11-09,0,28,0,0,28,28,0,1029,32286,0,0,1029,620,2,3,0,0,2,False,False,False
2014-11-10,0,28,0,0,28,28,0,1029,32310,0,0,1029,620,2,3,0,0,2,False,False,False
2014-11-11,0,29,0,65536,28,28,0,1030,32334,0,0,1030,620,2,3,0,0,2,False,False,False
2014-11-12,0,28,0,0,28,28,0,1031,32358,0,0,1031,620,2,3,0,0,2,False,False,False
2014-11-13,0,28,0,0,28,28,0,1032,32382,0,0,1032,620,2,3,0,0,2,False,False,False
2014-11-14,0,28,0,0,28,28,0,1033,32406,0,0,1033,620,2,3,0,0,2,False,False,False
2014-11-15,0,28,0,0,28,28,0,1033,32430,0,0,1033,620,2,3,0,0,2,False,False,False
2014-11-16,0,28,0,0,28,28,0,1034,32454,0,0,1034,620,2,3,0,0,2,False,False,False
2014-11-17,0,28,0,0,28,28,0,1035,32478,0,0,1035,620,2,3,0,0,2,False,False,False
2014-11-18,0,28,0,0,28,28,0,1036,32502,0,0,1036,620,2,3,0,0,2,False,False,False
2014-11-19,0,28,0,0,28,28,0,1037,32526,0,0,1037,620,2,3,0,0,2,False,False,False
2014-11-20,0,28,0,0,28,28,0,1037,32550,0,0,1037,620,2,3,0,0,2,False,False,False
2014-11-21,0,28,0,0,28,28,0,1038,32574,0,0,1038,620,2,3,0,0,2,False,False,False
2014-11-22,0,28,0,0,28,28,0,1039,32598,0,0,1039,620,2,3,0,0,2,False,False,False
2014-11-23,0,28,0,0,28,28,0,1040,32622,0,0,1040,620,2,3,0,0,2,False,False,False
2014-11-24,0,29,0,0,28,28,0,1041,32646,0,0,1041,620,2,3,0,0,2,False,False,False
2014-11-25,0,28,0,0,28,28,0,1042,32670,0,0,1042,620,2,3,0,0,2,False,False,False
2014-11-26,0,28,0,0,28,28,0,1042,32694,0,0,1042,620,2,3,0,0,2,False,False,False
2014-11-27,0,28,0,0,28,28,0,1043,32718,0,0,1043,620,2,3,0,0,2,False,False,False
2014-11-28,0,28,0,0,28,28,0,1044,32742,0,0,1044,620,2,3,0,0,2,False,False,False
2014-11-29,0,28,0,0,28,28,0,1045,32766,0,0,1045,620,2,3,0,0,2,False,False,False
2014-11-30,0,28,0,0,28,28,0,1046,32790,0,0,1046,620,2,3,0,0,2,False,False,False
2014-12-01,0,28,0,0,28,28,0,1047,32814,0,0,1047,620,2,3,0,0,2,False,False,False
2014-12-02,0,28,0,0,28,28,0,1048,32838,0,0,1048,620,2,3,0,0,2,False,False,False
2014-12-03,0,28,0,0,28,28,0,1048,32862,0,0,1048,620,2,3,0,0,2,False,False,False
2014-12-04,0,28,0,0,28,28,0,1049,32886,0,0,1049,620,2,3,0,0,2,False,False,False
2014-12-05,0,28,0,0,28,28,0,1050,32910,0,0,1050,620,2,3,0,0,2,False,False,False
2014-12-06,0,28,0,0,28,28,0,1051,32934,0,0,1051,620,2,3,0,0,2,False,False,False
2014-12-07,0,28,0,0,28,28,0,1052,32958,0,0,1052,620,2,3,0,0,2,False,False,False
2014-12-08,0,28,0,0,28,28,0,1053,32982,0,0,1053,620,2,3,0,0,2,False,False,False
2014-12-09,0,28,0,0,28,28,0,1053,33006,0,0,1053,620,2,3,0,0,2,False,False,False
2014-12-10,0,28,0,0,28,28,0,1054,33030,0,0,1054,620,2,3,0,0,2,False,False,False
2014-12-11,0,28,0,0,28,28,0,1055,33054,0,0,1055,620,2,3,0,0,2,False,False,False
2014-12-12,0,28,0,0,28,28,0,1056,33078,0,0,1056,620,2,3,0,0,2,False,False,False
2014-12-13,0,28,0,0,28,28,0,1057,33102,0,0,1057,620,2,3,0,0,2,False,False,False
2014-12-14,0,28,0,0,28,28,0,1058,33126,0,0,1058,620,2,3,0,0,2,False,False,False
2014-12-15,0,28,0,0,28,28,0,1059,33150,0,0,1059,620,2,3,0,0,2,False,False,False
2014-12-16,0,27,0,0,28,28,0,1060,33174,0,0,1060,620,2,3,0,0,2,False,False,False
2014-12-17,0,28,0,0,28,28,0,1061,33198,0,0,1061,620,2,3,0,0,2,False,False,False
2014-12-18,0,27,0,0,28,28,0,1061,33222,0,0,1061,620,2,3,0,0,2,False,False,False
2014-12-19,0,27,0,0,28,28,0,1062,33246,0,0,1062,620,2,3,0,0,2,False,False,False
2014-12-20,0,27,0,0,28,28,0,1063,33270,0,0,1063,620,2,3,0,0,2,False,False,False
2014-12-21,0,26,0,0,28,28,0,1064,33294,0,0,1064,620,2,3,0,0,2,False,False,False
2014-12-22,0,28,0,0,28,28,0,1065,33318,0,0,1065,620,2,3,0,0,2,False,False,False
2014-12-23,0,28,0,0,28,28,0,1066,33342,0,0,1066,620,2,3,0,0,2,False,False,False
2014-12-24,0,27,0,0,28,28,0,1067,33366,0,0,1067,620,2,3,0,0,2,False,False,False
2014-12-25,0,27,0,0,28,28,0,1068,33390,0,0,1068,620,2,3,0,0,2,False,False,False
2014-12-26,0,28,0,0,28,28,0,1069,33414,0,0,1069,620,2,3,0,0,2,False,False,False
2014-12-27,0,27,0,0,28,28,0,1069,33438,0,0,1069,620,2,3,0,0,2,False,False,False
2014-12-28,0,28,0,0,28,28,0,1070,33462,0,0,1070,620,2,3,0,0,2,False,False,False
2014-12-29,0,28,0,0,28,28,0,1071,33486,0,0,1071,620,2,3,0,0,2,False,False,False
2014-12-30,0,28,0,0,28,28,0,1072,33510,0,0,1072,620,2,3,0,0,2,False,False,False
2014-12-31,0,28,0,0,28,28,0,1073,33534,0,0,1073,620,2,3,0,0,2,False,False,False
2015-01-01,0,28,0,0,28,28,0,1074,33558,0,0,1074,620,2,3,0,0,2,False,False,False
2015-01-02,0,28,0,0,28,28,0,1075,33582,0,0,1075,620,2,3,0,0,2,False,False,False
2015-01-03,0,28,0,0,28,28,0,1076,33606,0,0,1076,620,2,3,0,0,2,False,False,False
2015-01-04,0,28,0,0,28,28,0,1076,33630,0,0,1076,620,2,3,0,0,2,False,False,False
2015-01-05,0,28,0,0,28,28,0,1077,33654,0,0,1077,620,2,3,0,0,2,False,False,False
2015-01-06,0,28,0,0,28,28,0,1078,33678,0,0,1078,620,2,3,0,0,2,False,False,False
2015-01-07,0,28,0,0,28,28,0,1079,33702,0,0,1079,620,2,3,0,0,2,False,False,False
2015-01-08,0,28,0,0,28,28,0,1080,33726,0,0,1080,620,2,3,0,0,2,False,False,False
2015-01-09,0,28,0,0,28,28,0,1081,33750,0,0,1081,620,2,3,0,0,2,False,False,False
2015-01-10,0,28,0,0,28,28,0,1082,33774,0,0,1082,620,2,3,0,0,2,False,False,False
2015-01-11,0,28,0,0,28,28,0,1082,33798,0,0,1082,620,2,3,0,0,2,False,False,False
2015-01-12,0,28,0,0,28,28,0,1083,33822,0,0,1083,620,2,3,0,0,2,False,False,False
2015-01-13,0,27,0,0,28,28,0,1084,33846,0,0,1084,620,2,3,0,0,2,False,False,False
2015-01-14,0,27,0,0,28,28,0,1085,33870,0,0,1085,620,2,3,0,0,2,False,False,False
2015-01-15,0,27,0,0,28,28,0,1085,33894,0,0,1085,620,2,3,0,0,2,False,False,False
2015-01-16,0,27,0,0,28,28,0,1086,33918,0,0,1086,620,2,3,0,0,2,False,False,False
2015-01-17,0,27,0,0,28,28,0,1087,33942,0,0,1087,620,2,3,0,0,2,False,False,False
2015-01-18,0,27,0,0,28,28,0,1088,33966,0,0,1088,620,2,3,0,0,2,False,False,False
2015-01-19,0,27,0,0,28,28,0,1089,33990,0,0,1089,620,2,3,0,0,2,False,False,False
2015-01-20,0,27,0,0,28,28,0,1089,34014,0,0,1089,620,2,3,0,0,2,False,False,False
2015-01-21,0,27,0,0,28,28,0,1090,34038,0,0,1090,620,2,3,0,0,2,False,False,False
2015-01-22,0,27,0,0,28,28,0,1091,34062,0,0,1091,620,2,3,0,0,2,False,False,False
2015-01-23,0,27,0,1,28,28,0,1092,34086,0,0,1092,620,2,3,0,0,2,False,False,False
2015-01-24,0,27,0,0,28,28,0,1093,34110,0,0,1093,620,2,3,0,0,2,False,False,False
2015-01-25,0,27,0,0,28,28,0,1094,34134,0,0,1094,620,2,3,0,0,2,False,False,False
2015-01-26,0,27,0,0,28,28,0,1095,34158,0,0,1095,620,2,3,0,0,2,False,False,False
2015-01-27,0,27,0,0,28,28,0,1095,34182,0,0,1095,620,2,3,0,0,2,False,False,False
2015-01-28,0,27,0,0,28,28,0,1096,34206,0,0,1096,620,2,3,0,0,2,False,False,False
2015-01-29,0,28,0,0,28,28,0,1097,34230,0,0,1097,620,2,3,0,0,2,False,False,False
2015-01-30,0,27,0,0,28,28,0,1098,34254,0,0,1098,620,2,3,0,0,2,False,False,False
2015-01-31,0,28,0,0,28,28,0,1098,34278,0,0,1098,620,2,3,0,0,2,False,False,False
2015-02-01,0,28,0,0,28,28,0,1099,34302,0,0,1099,620,2,3,0,0,2,False,False,False
2015-02-02,0,28,0,0,28,28,0,1100,34326,0,0,1100,620,2,3,0,0,2,False,False,False
2015-02-03,0,27,0,0,28,28,0,1101,34350,0,0,1101,620,2,3,0,0,2,False,False,False
2015-02-04,0,28,0,0,28,28,0,1102,34374,0,0,1102,620,2,3,0,0,2,False,False,False
2015-02-05,0,28,0,0,28,28,0,1103,34398,0,0,1103,620,2,3,0,0,2,False,False,False
2015-02-06,0,28,0,0,28,28,0,1103,34422,0,0,1103,620,2,3,0,0,2,False,False,False
2015-02-07,0,27,0,0,28,28,0,1104,34446,0,0,1104,620,2,3,0,0,2,False,False,False
2015-02-08,0,28,0,0,28,28,0,1105,34470,0,0,1105,620,2,3,0,0,2,False,False,False
2015-02-09,0,28,0,0,28,28,0,1106,34494,0,0,1106,620,2,3,0,0,2,False,False,False
2015-02-10,0,27,0,0,28,28,0,1107,34518,0,0,1107,620,2,3,0,0,2,False,False,False
2015-02-11,0,27,0,0,28,28,0,1108,34542,0,0,1108,620,2,3,0,0,2,False,False,False
2015-02-12,0,27,0,0,28,28,0,1108,34566,0,0,1108,620,2,3,0,0,2,False,False,False
2015-02-13,0,27,0,0,28,28,0,1109,34590,0,0,1109,620,2,3,0,0,2,False,False,False
2015-02-14,0,27,0,1,28,28,0,1110,34614,0,0,1110,620,2,3,0,0,2,False,False,False
2015-02-15,0,27,0,0,28,28,0,1111,34638,0,0,1111,620,2,3,0,0,2,False,False,False
2015-02-16,0,27,0,0,28,28,0,1112,34662,0,0,1112,620,2,3,0,0,2,False,False,False
2015-02-17,0,27,0,0,28,28,0,1113,34686,0,0,1113,620,2,3,0,0,2,False,False,False
2015-02-18,0,27,0,0,28,28,0,1113,34710,0,0,1113,620,2,3,0,0,2,False,False,False
2015-02-19,0,27,0,0,28,28,0,1114,34734,0,0,1114,620,2,3,0,0,2,False,False,False
2015-02-20,0,27,0,0,28,28,0,1115,34758,0,0,1115,620,2,3,0,0,2,False,False,False
2015-02-21,0,27,0,0,28,28,0,1116,34782,0,0,1116,620,2,3,0,0,2,False,False,False
2015-02-22,0,27,0,0,28,28,0,1117,34806,0,0,1117,620,2,3,0,0,2,False,False,False
2015-02-23,0,27,0,0,28,28,0,1118,34830,0,0,1118,620,2,3,0,0,2,False,False,False
2015-02-24,0,27,0,0,28,28,0,1118,34854,0,0,1118,620,2,3,0,0,2,False,False,False
2015-02-25,0,27,0,0,28,28,0,1119,34878,0,0,1119,620,3,4,0,0,3,False,False,False
2015-02-26,0,28,0,0,28,28,0,1120,34902,0,0,1120,620,3,4,0,0,3,False,False,False
2015-02-27,0,27,0,0,28,28,0,1121,34926,0,0,1121,620,3,4,0,0,3,False,False,False
2015-02-28,0,28,0,0,28,28,0,1122,34950,0,0,1122,620,3,4,0,0,3,False,False,False
2015-03-01,0,28,0,0,28,28,0,1123,34974,0,0,1123,620,3,4,0,0,3,False,False,False
2015-03-02,0,28,0,0,28,28,0,1124,34998,0,0,1124,620,3,4,0,0,3,False,False,False
2015-03-03,0,28,0,0,28,28,0,1125,35022,0,0,1125,620,3,4,0,0,3,False,False,False
2015-03-04,0,28,0,0,28,28,0,1126,35046,0,0,1126,620,3,4,0,0,3,False,False,False
2015-03-05,0,28,0,0,28,28,0,1127,35070,0,0,1127,620,3,4,0,0,3,False,False,False
2015-03-06,0,28,0,0,28,28,0,1128,35094,0,0,1128,620,3,4,0,0,3,False,False,False
2015-03-07,0,28,0,0,28,28,0,1128,35118,0,0,1128,620,3,4,0,0,3,False,False,False
2015-03-08,0,28,0,0,28,28,0,1129,35142,0,0,1129,620,3,4,0,0,3,False,False,False
2015-03-09,0,28,0,0,28,28,0,1130,35166,0,0,1130,620,3,4,0,0,3,False,False,False
2015-03-10,0,28,0,0,28,28,0,1131,35189,0,0,1131,620,3,4,0,0,3,False,False,False
2015-03-11,0,29,0,0,28,28,0,1132,35213,0,0,1132,620,3,4,0,0,3,False,False,False
2015-03-12,0,28,0,0,28,28,0,1132,35237,0,0,1132,620,3,4,0,0,3,False,False,False
2015-03-13,0,28,0,0,28,28,0,1133,35261,0,0,1133,620,3,4,0,0,3,False,False,False
2015-03-14,0,28,0,0,28,28,0,1134,35285,0,0,1134,620,3,4,0,0,3,False,False,False
2015-03-15,0,28,0,0,28,28,0,1135,35309,0,0,1135,620,3,4,0,0,3,False,False,False
2015-03-16,0,28,0,0,28,28,0,1136,35333,0,0,1136,620,3,4,0,0,3,False,False,False
2015-03-17,0,28,0,0,28,28,0,1136,35357,0,0,1136,620,3,4,0,0,3,False,False,False
2015-03-18,0,28,0,0,28,28,0,1137,35381,0,0,1137,620,3,4,0,0,3,False,False,False
2015-03-19,0,29,0,0,28,28,0,1138,35405,0,0,1138,620,3,4,0,0,3,False,False,False
2015-03-20,0,29,0,0,28,28,0,1139,35429,0,0,1139,620,3,4,0,0,3,False,False,False
2015-03-21,0,29,0,0,28,28,0,1140,35453,0,0,1140,620,3,4,0,0,3,False,False,False
2015-03-22,0,30,0,0,28,28,0,1141,35477,0,0,1141,620,3,4,0,0,3,False,False,False
2015-03-23,0,29,0,0,28,28,0,1141,35501,0,0,1141,620,3,4,0,0,3,False,False,False
2015-03-24,0,29,0,0,28,28,0,1142,35525,0,0,1142,620,3,4,0,0,3,False,False,False
2015-03-25,0,29,0,0,28,28,0,1143,35549,0,0,1143,620,3,4,0,0,3,False,False,False
2015-03-26,0,30,0,0,28,28,0,1144,35573,0,0,1144,620,3,4,0,0,3,False,False,False
2015-03-27,0,30,0,0,28,28,0,1145,35597,0,0,1145,620,3,4,0,0,3,False,False,False
2015-03-28,0,30,0,0,28,28,0,1146,35621,0,0,1146,620,3,4,0,0,3,False,False,False
2015-03-29,0,30,0,0,28,28,0,1146,35645,0,0,1146,620,3,4,0,0,3,False,False,False
2015-03-30,0,30,0,0,28,28,0,1147,35669,0,0,1147,620,3,4,0,0,3,False,False,False
2015-03-31,0,30,0,0,28,28,0,1148,35693,0,0,1148,620,3,4,0,0,3,False,False,False
2015-04-01,0,30,0,0,28,28,0,1149,35717,0,0,1149,620,3,4,0,0,3,False,False,False
2015-04-02,0,30,0,0,28,28,0,1150,35741,0,0,1150,620,3,4,0,0,3,False,False,False
2015-04-03,0,30,0,0,28,28,0,1150,35765,0,0,1150,620,3,4,0,0,3,False,False,False
2015-04-04,0,30,0,0,28,28,0,1151,35789,0,0,1151,620,3,4,0,0,3,False,False,False
2015-04-05,0,30,0,0,28,28,0,1152,35813,0,0,1152,620,3,4,0,0,3,False,False,False
2015-04-06,0,30,0,0,28,28,0,1153,35837,0,0,1153,620,3,4,0,0,3,False,False,False
2015-04-07,0,30,0,0,28,28,0,1154,35861,0,0,1154,620,3,4,0,0,3,False,False,False
2015-04-08,0,33,0,0,28,28,0,1155,35885,0,0,1155,620,3,4,0,0,3,False,False,False
2015-04-09,0,34,0,0,28,28,0,1155,35909,0,0,1155,620,3,4,0,0,3,False,False,False
2015-04-10,0,34,0,0,28,28,0,1156,35933,0,0,1156,620,3,4,0,0,3,False,False,False
2015-04-11,0,30,0,0,28,28,0,1156,35957,0,0,1156,620,3,4,0,0,3,False,False,False
2015-04-12,0,30,0,0,28,28,0,1157,35981,0,0,1157,620,3,4,0,0,3,False,False,False
2015-04-13,0,29,0,0,28,28,0,1158,36005,0,0,1158,620,3,4,0,0,3,False,False,False
2015-04-14,0,30,0,0,28,28,0,1159,36029,0,0,1159,620,3,4,0,0,3,False,False,False
2015-04-15,0,30,0,0,28,28,0,1159,36053,0,0,1159,620,3,4,0,0,3,False,False,False
2015-04-16,0,30,0,0,28,28,0,1160,36077,0,0,1160,620,3,4,0,0,3,False,False,False
2015-04-17,0,29,0,0,28,28,0,1161,36101,0,0,1161,620,3,4,0,0,3,False,False,False
2015-04-18,0,29,0,0,28,28,0,1162,36125,0,0,1162,620,3,4,0,0,3,False,False,False
2015-04-19,0,30,0,0,28,28,0,1163,36149,0,0,1163,620,3,4,0,0,3,False,False,False
2015-04-20,0,30,0,0,28,28,0,1164,36173,0,0,1164,620,3,4,0,0,3,False,False,False
2015-04-21,0,30,0,0,28,28,0,1165,36197,0,0,1165,620,3,4,0,0,3,False,False,False
2015-04-22,0,31,0,0,28,28,0,1166,36221,0,0,1166,620,3,4,0,0,3,False,False,False
2015-04-23,0,30,0,0,28,28,0,1167,36245,0,0,1167,620,3,4,0,0,3,False,False,False
2015-04-24,0,31,0,0,28,28,0,1167,36269,0,0,1167,620,3,4,0,0,3,False,False,False
2015-04-25,0,31,0,0,28,28,0,1168,36293,0,0,1168,620,3,4,0,0,3,False,False,False
2015-04-26,0,31,0,0,28,28,0,1169,36317,0,0,1169,620,3,4,0,0,3,False,False,False
2015-04-27,0,31,0,3,28,28,0,1170,36341,0,0,1170,620,3,4,0,0,3,False,False,False
2015-04-28,0,30,0,0,28,28,0,1171,36365,0,0,1171,620,3,4,0,0,3,False,False,False
2015-04-29,0,33,0,0,28,28,0,1172,36389,0,0,1172,620,3,4,0,0,3,False,False,False
2015-04-30,0,32,0,0,28,28,0,1172,36413,0,0,1172,620,3,4,0,0,3,False,False,False
2015-05-01,0,31,0,0,28,28,0,1173,36437,0,0,1173,620,3,4,0,0,3,False,False,False
2015-05-02,0,34,0,0,28,28,0,1174,36461,0,0,1174,620,3,4,0,0,3,False,False,False
2015-05-03,0,34,0,0,28,28,0,1174,36485,0,0,1174,620,3,4,0,0,3,False,False,False
2015-05-04,0,34,0,0,28,28,0,1175,36509,0,0,1175,620,3,4,0,0,3,False,False,False
2015-05-05,0,34,0,0,28,28,0,1176,36533,0,0,1176,620,3,4,0,0,3,False,False,False
2015-05-06,0,34,0,0,28,28,0,1177,36557,0,0,1177,620,3,4,0,0,3,False,False,False
2015-05-07,0,34,0,0,28,28,0,1178,36581,0,0,1178,620,3,4,0,0,3,False,False,False
2015-05-08,0,35,0,0,28,28,0,1179,36605,0,0,1179,620,3,4,0,0,3,False,False,False
2015-05-09,0,35,0,0,28,28,0,1180,36629,0,0,1180,620,3,4,0,0,3,False,False,False
2015-05-10,0,35,0,0,28,28,0,1181,36653,0,0,1181,620,3,4,0,0,3,False,False,False
2015-05-11,0,35,0,0,28,28,0,1181,36677,0,0,1181,620,3,4,0,0,3,False,False,False
2015-05-12,0,35,0,0,28,28,0,1182,36701,0,0,1182,620,3,4,0,0,3,False,False,False
2015-05-13,0,35,0,0,28,28,0,1183,36725,0,0,1183,620,3,4,0,0,3,False,False,False
2015-05-14,0,35,0,65536,28,28,0,1184,36749,0,0,1184,620,3,4,0,0,3,False,False,False
2015-05-15,0,32,0,0,28,28,0,1185,36773,0,0,1185,620,3,4,0,0,3,False,False,False
2015-05-16,0,35,0,1,28,28,0,1185,36797,0,0,1185,620,3,4,0,0,3,False,False,False
2015-05-17,0,35,0,0,28,28,0,1186,36821,0,0,1186,620,3,4,0,0,3,False,False,False
2015-05-18,0,35,0,0,28,28,0,1187,36845,0,0,1187,620,3,4,0,0,3,False,False,False
2015-05-19,0,35,0,0,28,28,0,1188,36869,0,0,1188,620,3,4,0,0,3,False,False,False
2015-05-20,0,35,0,0,28,28,0,1188,36893,0,0,1188,620,3,4,0,0,3,False,False,False
2015-05-21,0,36,0,0,28,28,0,1189,36917,0,0,1189,620,3,4,0,0,3,False,False,False
2015-05-22,0,34,0,0,28,28,0,1190,36941,0,0,1190,620,3,4,0,0,3,False,False,False
2015-05-23,0,34,0,0,28,28,0,1191,36965,0,0,1191,620,3,4,0,0,3,False,False,False
2015-05-24,0,34,0,0,28,28,0,1192,36989,0,0,1192,620,3,4,0,0,3,False,False,False
2015-05-25,0,31,0,0,28,28,0,1193,37013,0,0,1193,620,3,4,0,0,3,False,False,False
2015-05-26,0,33,0,0,28,28,0,1194,37037,0,0,1194,620,3,4,0,0,3,False,False,False
2015-05-27,0,34,0,0,28,28,0,1195,37061,0,0,1195,620,3,4,0,0,3,False,False,False
2015-05-28,0,34,0,0,28,28,0,1196,37085,0,0,1196,620,3,4,0,0,3,False,False,False
2015-05-29,0,35,0,0,28,28,0,1196,37109,0,0,1196,620,3,4,0,0,3,False,False,False
2015-05-30,0,35,0,0,28,28,0,1196,37133,0,0,1196,620,3,4,0,0,3,False,False,False
2015-05-31,0,35,0,0,28,28,0,1197,37157,0,0,1197,620,3,4,0,0,3,False,False,False
2015-06-01,0,34,0,0,28,28,0,1198,37181,0,0,1198,620,3,4,0,0,3,False,False,False
2015-06-02,0,35,0,0,28,28,0,1199,37205,0,0,1199,620,3,4,0,0,3,False,False,False
2015-06-03,0,35,0,0,28,28,0,1200,37229,0,0,1200,620,3,4,0,0,3,False,False,False
2015-06-04,0,28,0,0,28,28,0,1200,37253,0,0,1200,620,3,4,0,0,3,False,False,False
2015-06-05,0,30,0,0,28,28,0,1201,37277,0,0,1201,620,3,4,0,0,3,False,False,False
2015-06-06,0,31,0,0,28,28,0,1202,37301,0,0,1202,620,3,4,0,0,3,False,False,False
2015-06-07,0,30,0,0,28,28,0,1202,37325,0,0,1202,620,3,4,0,0,3,False,False,False
2015-06-08,0,31,0,0,28,28,0,1203,37349,0,0,1203,620,3,4,0,0,3,False,False,False
2015-06-09,0,31,0,0,28,28,0,1204,37373,0,0,1204,620,3,4,0,0,3,False,False,False
2015-06-10,0,31,0,0,28,28,0,1205,37397,0,0,1205,620,3,4,0,0,3,False,False,False
2015-06-11,0,30,0,0,28,28,0,1206,37421,0,0,1206,620,3,4,0,0,3,False,False,False
2015-06-12,0,30,0,0,28,28,0,1207,37445,0,0,1207,620,3,4,0,0,3,False,False,False
2015-06-13,0,30,0,0,28,28,0,1207,37469,0,0,1207,620,3,4,0,0,3,False,False,False
2015-06-14,0,31,0,0,28,28,0,1208,37493,0,0,1208,620,3,4,0,0,3,False,False,False
2015-06-15,0,30,0,0,28,28,0,1209,37517,0,0,1209,620,3,4,0,0,3,False,False,False
2015-06-16,0,29,0,0,28,28,0,1210,37541,0,0,1210,620,3,4,0,0,3,False,False,False
2015-06-17,0,30,0,0,28,28,0,1211,37565,0,0,1211,620,3,4,0,0,3,False,False,False
2015-06-18,0,30,0,0,28,28,0,1211,37589,0,0,1211,620,3,4,0,0,3,False,False,False
2015-06-19,0,29,0,0,28,28,0,1212,37613,0,0,1212,620,3,4,0,0,3,False,False,False
2015-06-20,0,29,0,0,28,28,0,1213,37637,0,0,1213,620,3,4,0,0,3,False,False,False
2015-06-21,0,29,0,1,28,28,0,1213,37661,0,0,1213,620,3,4,0,0,3,False,False,False
2015-06-22,0,29,0,0,28,28,0,1214,37685,0,0,1214,620,3,4,0,0,3,False,False,False
2015-06-23,0,29,0,0,28,28,0,1215,37709,0,0,1215,620,3,4,0,0,3,False,False,False
2015-06-24,0,29,0,0,28,28,0,1216,37733,0,0,1216,620,3,4,0,0,3,False,False,False
2015-06-25,0,29,0,0,28,28,0,1217,37757,0,0,1217,620,3,4,0,0,3,False,False,False
2015-06-26,0,29,0,0,28,28,0,1217,37781,0,0,1217,620,3,4,0,0,3,False,False,False
2015-06-27,0,29,0,0,28,28,0,1218,37805,0,0,1218,620,3,4,0,0,3,False,False,False
2015-06-28,0,29,0,0,28,28,0,1218,37829,0,0,1218,620,3,4,0,0,3,False,False,False
2015-06-29,0,29,0,0,28,28,0,1219,37853,0,0,1219,620,3,4,0,0,3,False,False,False
2015-06-30,0,29,0,0,28,28,0,1220,37877,0,0,1220,620,3,4,0,0,3,False,False,False
2015-07-01,0,30,0,0,28,28,0,1221,37901,0,0,1221,620,3,4,0,0,3,False,False,False
2015-07-02,0,29,0,0,28,28,0,1222,37925,0,0,1222,620,3,4,0,0,3,False,False,False
2015-07-03,0,29,0,0,28,28,0,1223,37949,0,0,1223,620,3,4,0,0,3,False,False,False
2015-07-04,0,29,0,0,28,28,0,1224,37973,0,0,1224,620,3,4,0,0,3,False,False,False
2015-07-05,0,29,0,0,28,28,0,1225,37997,0,0,1225,620,3,4,0,0,3,False,False,False
2015-07-06,0,29,0,0,28,28,0,1225,38021,0,0,1225,620,3,4,0,0,3,False,False,False
2015-07-07,0,29,0,0,28,28,0,1226,38045,0,0,1226,620,3,4,0,0,3,False,False,False
2015-07-08,0,29,0,0,28,28,0,1227,38069,0,0,1227,620,3,4,0,0,3,False,False,False
2015-07-09,0,29,0,0,28,28,0,1228,38093,0,0,1228,620,3,4,0,0,3,False,False,False
2015-07-10,0,29,0,0,28,28,0,1229,38117,0,0,1229,620,3,4,0,0,3,False,False,False
2015-07-11,0,28,0,0,28,28,0,1229,38141,0,0,1229,620,3,4,0,0,3,False,False,False
2015-07-12,0,28,0,0,28,28,0,1230,38165,0,0,1230,620,3,4,0,0,3,False,False,False
2015-07-13,0,28,0,0,28,28,0,1231,38189,0,0,1231,620,3,4,0,0,3,False,False,False
2015-07-14,0,28,0,0,28,28,0,1232,38213,0,0,1232,620,3,4,0,0,3,False,False,False
2015-07-15,0,28,0,0,28,28,0,1233,38237,0,0,1233,620,3,4,0,0,3,False,False,False
2015-07-16,0,28,0,0,28,28,0,1234,38261,0,0,1234,620,3,4,0,0,3,False,False,False
2015-07-17,0,29,0,0,28,28,0,1235,38285,0,0,1235,620,3,4,0,0,3,False,False,False
2015-07-18,0,28,0,0,28,28,0,1236,38309,0,0,1236,620,3,4,0,0,3,False,False,False
2015-07-19,0,29,0,0,28,28,0,1236,38333,0,0,1236,620,3,4,0,0,3,False,False,False
2015-07-20,0,29,0,0,28,28,0,1237,38357,0,0,1237,620,3,4,0,0,3,False,False,False
2015-07-21,0,29,0,0,28,28,0,1237,38381,0,0,1237,620,3,4,0,0,3,False,False,False
2015-07-22,0,28,0,0,28,28,0,1238,38405,0,0,1238,620,3,4,0,0,3,False,False,False
2015-07-23,0,30,0,0,28,28,0,1239,38429,0,0,1239,620,3,4,0,0,3,False,False,False
2015-07-24,0,30,0,0,28,28,0,1240,38453,0,0,1240,620,3,4,0,0,3,False,False,False
2015-07-25,0,27,0,0,28,28,0,1241,38477,0,0,1241,620,3,4,0,0,3,False,False,False
2015-07-26,0,27,0,0,28,28,0,1242,38501,0,0,1242,620,3,4,0,0,3,False,False,False
2015-07-27,0,27,0,0,28,28,0,1243,38525,0,0,1243,620,3,4,0,0,3,False,False,False
2015-07-28,0,27,0,0,28,28,0,1243,38549,0,0,1243,620,3,4,0,0,3,False,False,False
2015-07-29,0,27,0,0,28,28,0,1244,38573,0,0,1244,620,3,4,0,0,3,False,False,False
2015-07-30,0,27,0,0,28,28,0,1245,38597,0,0,1245,620,3,4,0,0,3,False,False,False
2015-07-31,0,27,0,0,28,28,0,1246,38621,0,0,1246,620,3,4,0,0,3,False,False,False
2015-08-01,0,27,0,0,28,28,0,1247,38645,0,0,1247,620,3,4,0,0,3,False,False,False
2015-08-02,0,27,0,0,28,28,0,1247,38669,0,0,1247,620,3,4,0,0,3,False,False,False
2015-08-03,0,27,0,0,28,28,0,1248,38693,0,0,1248,620,3,4,0,0,3,False,False,False
2015-08-04,0,27,0,0,28,28,0,1249,38717,0,0,1249,620,3,4,0,0,3,False,False,False
2015-08-05,0,27,0,0,28,28,0,1250,38741,0,0,1250,620,3,4,0,0,3,False,False,False
2015-08-06,0,27,0,0,28,28,0,1251,38765,0,0,1251,620,3,4,0,0,3,False,False,False
2015-08-07,0,27,0,0,28,28,0,1251,38789,0,0,1251,620,3,4,0,0,3,False,False,False
2015-08-08,0,27,0,0,28,28,0,1252,38813,0,0,1252,620,3,4,0,0,3,False,False,False
2015-08-09,0,27,0,0,28,28,0,1253,38837,0,0,1253,620,3,4,0,0,3,False,False,False
2015-08-10,0,28,0,0,28,28,0,1254,38861,0,0,1254,620,3,4,0,0,3,False,False,False
2015-08-11,0,27,0,0,28,28,0,1255,38885,0,0,1255,620,3,4,0,0,3,False,False,False
2015-08-12,0,28,0,0,28,28,0,1255,38909,0,0,1255,620,3,4,0,0,3,False,False,False
2015-08-13,0,27,0,0,28,28,0,1256,38933,0,0,1256,620,3,4,0,0,3,False,False,False
2015-08-14,0,27,0,0,28,28,0,1257,38957,0,0,1257,620,3,4,0,0,3,False,False,False
2015-08-15,0,27,0,0,28,28,0,1258,38981,0,0,1258,620,3,4,0,0,3,False,False,False
2015-08-16,0,27,0,0,28,28,0,1259,39005,0,0,1259,620,3,4,0,0,3,False,False,False
2015-08-17,0,27,0,0,28,28,0,1260,39029,0,0,1260,620,3,4,0,0,3,False,False,False
2015-08-18,0,27,0,0,28,28,0,1261,39053,0,0,1261,620,3,4,0,0,3,False,False,False
2015-08-19,0,28,0,0,28,28,0,1262,39077,0,0,1262,620,3,4,0,0,3,False,False,False
2015-08-20,0,28,0,65536,28,28,0,1263,39101,0,0,1263,620,3,4,0,0,3,False,False,False
2015-08-21,0,28,0,0,28,28,0,1264,39125,0,0,1264,620,3,4,0,0,3,False,False,False
2015-08-22,0,27,0,0,28,28,0,1264,39149,0,0,1264,620,3,4,0,0,3,False,False,False
2015-08-23,0,28,0,0,28,28,0,1265,39173,0,0,1265,620,3,4,0,0,3,False,False,False
2015-08-24,0,27,0,0,28,28,0,1266,39197,0,0,1266,620,3,4,0,0,3,False,False,False
2015-08-25,0,27,0,0,28,28,0,1267,39221,0,0,1267,620,3,4,0,0,3,False,False,False
2015-08-26,0,27,0,0,28,28,0,1268,39245,0,0,1268,620,3,4,0,0,3,False,False,False
2015-08-27,0,27,0,0,28,28,0,1269,39269,0,0,1269,620,3,4,0,0,3,False,False,False
2015-08-28,0,27,0,0,28,28,0,1270,39293,0,0,1270,620,3,4,0,0,3,False,False,False
2015-08-29,0,27,0,0,28,28,0,1271,39317,0,0,1271,620,3,4,0,0,3,False,False,False
2015-08-30,0,28,0,0,28,28,0,1272,39341,0,0,1272,620,3,4,0,0,3,False,False,False
2015-08-31,0,28,0,0,28,28,0,1272,39365,0,0,1272,620,3,4,0,0,3,False,False,False
2015-09-01,0,27,0,0,28,28,0,1273,39389,0,0,1273,620,3,4,0,0,3,False,False,False
2015-09-02,0,27,0,0,28,28,0,1274,39413,0,0,1274,620,3,4,0,0,3,False,False,False
2015-09-03,0,27,0,0,28,28,0,1275,39437,0,0,1275,620,3,4,0,0,3,False,False,False
2015-09-04,0,27,0,0,28,28,0,1276,39461,0,0,1276,620,3,4,0,0,3,False,False,False
2015-09-05,0,27,0,0,28,28,0,1277,39485,0,0,1277,620,3,4,0,0,3,False,False,False
2015-09-06,0,27,0,0,28,28,0,1278,39509,0,0,1278,620,3,4,0,0,3,False,False,False
2015-09-07,0,28,0,0,28,28,0,1279,39533,0,0,1279,620,3,4,0,0,3,False,False,False
2015-09-08,0,27,0,0,28,28,0,1280,39557,0,0,1280,620,3,4,0,0,3,False,False,False
2015-09-09,0,27,0,0,28,28,0,1281,39581,0,0,1281,620,3,4,0,0,3,False,False,False
2015-09-10,0,27,0,0,28,28,0,1282,39605,0,0,1282,620,3,4,0,0,3,False,False,False
2015-09-11,0,27,0,0,28,28,0,1283,39629,0,0,1283,620,3,4,0,0,3,False,False,False
2015-09-12,0,27,0,0,28,28,0,1283,39653,0,0,1283,620,3,4,0,0,3,False,False,False
2015-09-13,0,27,0,0,28,28,0,1284,39677,0,0,1284,620,3,4,0,0,3,False,False,False
2015-09-14,0,27,0,0,28,28,0,1285,39701,0,0,1285,620,3,4,0,0,3,False,False,False
2015-09-15,0,27,0,0,28,28,0,1285,39725,0,0,1285,620,3,4,0,0,3,False,False,False
2015-09-16,0,27,0,0,28,28,0,1286,39749,0,0,1286,620,3,4,0,0,3,False,False,False
2015-09-17,0,27,0,0,28,28,0,1287,39773,0,0,1287,620,3,4,0,0,3,False,False,False
2015-09-18,0,27,0,0,28,28,0,1288,39797,0,0,1288,620,3,4,0,0,3,False,False,False
2015-09-19,0,27,0,0,28,28,0,1289,39821,0,0,1289,620,3,4,0,0,3,False,False,False
2015-09-20,0,27,0,0,28,28,0,1290,39845,0,0,1290,620,3,4,0,0,3,False,False,False
2015-09-21,0,27,0,0,28,28,0,1291,39869,0,0,1291,620,3,4,0,0,3,False,False,False
2015-09-22,0,27,0,0,28,28,0,1292,39893,0,0,1292,620,3,4,0,0,3,False,False,False
2015-09-23,0,27,0,0,29,29,0,1293,39917,0,0,1293,620,3,4,0,0,3,False,False,False
2015-09-24,0,27,0,0,29,29,0,1294,39941,0,0,1294,620,3,4,0,0,3,False,False,False
2015-09-25,0,27,0,0,29,29,0,1295,39965,0,0,1295,620,3,4,0,0,3,False,False,False
2015-09-26,0,27,0,0,29,29,0,1296,39989,0,0,1296,620,3,4,0,0,3,False,False,False
2015-09-27,0,27,0,0,29,29,0,1297,40013,0,0,1297,620,3,4,0,0,3,False,False,False
2015-09-28,0,27,0,0,29,29,0,1297,40037,0,0,1297,620,3,4,0,0,3,False,False,False
2015-09-29,0,28,0,0,29,29,0,1298,40061,0,0,1298,620,3,4,0,0,3,False,False,False
2015-09-30,0,27,0,0,29,29,0,1299,40085,0,0,1299,620,3,4,0,0,3,False,False,False
2015-10-01,0,27,0,0,29,29,0,1300,40109,0,0,1300,620,3,4,0,0,3,False,False,False
2015-10-02,0,27,0,0,29,29,0,1301,40133,0,0,1301,620,3,4,0,0,3,False,False,False
2015-10-03,0,27,0,0,29,29,0,1302,40157,0,0,1302,620,3,4,0,0,3,False,False,False
2015-10-04,0,27,0,0,29,29,0,1303,40181,0,0,1303,620,3,4,0,0,3,False,False,False
2015-10-05,0,27,0,0,29,29,0,1304,40205,0,0,1304,620,3,4,0,0,3,False,False,False
2015-10-06,0,27,0,0,29,29,0,1304,40229,0,0,1304,620,3,4,0,0,3,False,False,False
2015-10-07,0,27,0,0,29,29,0,1305,40253,0,0,1305,620,3,4,0,0,3,False,False,False
2015-10-08,0,30,0,0,29,29,0,1306,40277,0,0,1306,620,3,4,0,0,3,False,False,False
2015-10-09,0,30,0,0,29,29,0,1307,40301,0,0,1307,620,3,4,0,0,3,False,False,False
2015-10-10,0,30,0,0,29,29,0,1308,40325,0,0,1308,620,3,4,0,0,3,False,False,False
2015-10-11,0,30,0,0,29,29,0,1309,40349,0,0,1309,620,3,4,0,0,3,False,False,False
2015-10-12,0,30,0,0,29,29,0,1309,40373,0,0,1309,620,3,4,0,0,3,False,False,False
2015-10-13,0,30,0,0,29,29,0,1310,40397,0,0,1310,620,3,4,0,0,3,False,False,False
2015-10-14,0,30,0,0,29,29,0,1311,40421,0,0,1311,620,3,4,0,0,3,False,False,False
2015-10-15,0,30,0,0,29,29,0,1312,40445,0,0,1312,620,3,4,0,0,3,False,False,False
2015-10-16,0,30,0,0,29,29,0,1313,40469,0,0,1313,620,3,4,0,0,3,False,False,False
2015-10-17,0,29,0,0,29,29,0,1314,40493,0,0,1314,620,3,4,0,0,3,False,False,False
2015-10-18,0,29,0,0,29,29,0,1315,40517,0,0,1315,620,3,4,0,0,3,False,False,False
2015-10-19,0,29,0,0,29,29,0,1315,40541,0,0,1315,620,3,4,0,0,3,False,False,False
2015-10-20,0,30,0,0,29,29,0,1316,40565,0,0,1316,620,3,4,0,0,3,False,False,False
2015-10-21,0,30,0,0,29,29,0,1317,40589,0,0,1317,620,3,4,0,0,3,False,False,False
2015-10-22,0,30,0,0,29,29,0,1318,40613,0,0,1318,620,3,4,0,0,3,False,False,False
2015-10-23,0,29,0,0,29,29,0,1319,40637,0,0,1319,620,3,4,0,0,3,False,False,False
2015-10-24,0,29,0,0,29,29,0,1320,40661,0,0,1320,620,3,4,0,0,3,False,False,False
2015-10-25,0,29,0,0,29,29,0,1321,40685,0,0,1321,620,3,4,0,0,3,False,False,False
2015-10-26,0,29,0,0,29,29,0,1322,40709,0,0,1322,620,3,4,0,0,3,False,False,False
2015-10-27,0,30,0,0,29,29,0,1322,40733,0,0,1322,620,3,4,0,0,3,False,False,False
2015-10-29,0,30,0,0,29,29,0,1324,40781,0,0,1324,620,3,4,0,0,3,False,False,False
2015-10-30,0,30,0,0,29,29,0,1325,40805,0,0,1325,620,3,4,0,0,3,False,False,False
2015-10-31,0,29,0,0,29,29,0,1326,40829,0,0,1326,620,3,4,0,0,3,False,False,False
2015-11-02,0,29,0,0,29,29,0,1327,40878,0,0,1327,620,3,4,0,0,3,False,False,False
2015-11-03,0,29,0,0,29,29,0,1328,40902,0,0,1328,620,3,4,0,0,3,False,False,False
2015-11-04,0,29,0,0,29,29,0,1329,40926,0,0,1329,620,3,4,0,0,3,False,False,False
2015-11-05,0,29,0,0,29,29,0,1330,40950,0,0,1330,620,3,4,0,0,3,False,False,False
2015-11-06,0,29,0,0,29,29,0,1331,40974,0,0,1331,620,3,4,0,0,3,False,False,False
2015-11-07,0,30,0,0,29,29,0,1332,40998,0,0,1332,620,3,4,0,0,3,False,False,False
2015-11-08,0,29,0,0,29,29,0,1333,41022,0,0,1333,620,3,4,0,0,3,False,False,False
2015-11-09,0,29,0,0,29,29,0,1334,41046,0,0,1334,620,3,4,0,0,3,False,False,False
2015-11-10,0,28,0,0,29,29,0,1334,41070,0,0,1334,620,3,4,0,0,3,False,False,False
2015-11-11,0,28,0,0,29,29,0,1335,41094,0,0,1335,620,3,4,0,0,3,False,False,False
2015-11-12,0,28,0,0,29,29,0,1336,41118,0,0,1336,620,3,4,0,0,3,False,False,False
2015-11-13,0,28,0,0,29,29,0,1337,41142,0,0,1337,620,3,4,0,0,3,False,False,False
2015-11-14,0,28,0,0,29,29,0,1338,41166,0,0,1338,620,3,4,0,0,3,False,False,False
2015-11-15,0,28,0,0,29,29,0,1338,41190,0,0,1338,620,3,4,0,0,3,False,False,False
2015-11-16,0,29,0,0,29,29,0,1339,41214,0,0,1339,620,3,4,0,0,3,False,False,False
2015-11-17,0,27,0,0,29,29,0,1340,41238,0,0,1340,620,3,4,0,0,3,False,False,False
2015-11-18,0,30,0,0,29,29,0,1341,41262,0,0,1341,620,3,4,0,0,3,False,False,False
2015-11-19,0,30,0,0,29,29,0,1341,41286,0,0,1341,620,3,4,0,0,3,False,False,False
2015-11-20,0,29,0,0,29,29,0,1342,41310,0,0,1342,620,3,4,0,0,3,False,False,False
2015-11-21,0,30,0,0,29,29,0,1343,41334,0,0,1343,620,3,4,0,0,3,False,False,False
2015-11-22,0,29,0,0,29,29,0,1344,41358,0,0,1344,620,3,4,0,0,3,False,False,False
2015-11-23,0,27,0,0,29,29,0,1345,41382,0,0,1345,620,3,4,0,0,3,False,False,False
2015-11-24,0,29,0,0,29,29,0,1346,41406,0,0,1346,620,3,4,0,0,3,False,False,False
2015-11-25,0,28,0,0,29,29,0,1347,41430,0,0,1347,620,3,4,0,0,3,False,False,False
2015-11-26,0,28,0,0,29,29,0,1348,41454,0,0,1348,620,3,4,0,0,3,False,False,False
2015-11-27,0,27,0,0,29,29,0,1348,41478,0,0,1348,620,3,4,0,0,3,False,False,False
2015-11-28,0,27,0,0,29,29,0,1349,41502,0,0,1349,620,3,4,0,0,3,False,False,False
2015-11-29,0,27,0,0,29,29,0,1350,41526,0,0,1350,620,3,4,0,0,3,False,False,False
2015-11-30,0,28,0,0,29,29,0,1351,41550,0,0,1351,620,3,4,0,0,3,False,False,False
2015-12-01,0,28,0,0,29,29,0,1352,41574,0,0,1352,620,3,4,0,0,3,False,False,False
2015-12-02,0,28,0,0,29,29,0,1353,41598,0,0,1353,620,3,4,0,0,3,False,False,False
2015-12-03,0,27,0,0,29,29,0,1354,41622,0,0,1354,620,3,4,0,0,3,False,False,False
2015-12-04,0,28,0,0,29,29,0,1355,41646,0,0,1355,620,3,4,0,0,3,False,False,False
2015-12-05,0,28,0,0,29,29,0,1355,41670,0,0,1355,620,3,4,0,0,3,False,False,False
2015-12-06,0,28,0,0,29,29,0,1356,41694,0,0,1356,620,3,4,0,0,3,False,False,False
2015-12-07,0,28,0,0,29,29,0,1357,41718,0,0,1357,620,3,4,0,0,3,False,False,False
2015-12-08,0,28,0,65536,29,29,0,1357,41742,0,0,1357,620,3,4,0,0,3,False,False,False
2015-12-09,0,27,0,0,29,29,0,1358,41766,0,0,1358,620,3,4,0,0,3,False,False,False
2015-12-10,0,28,0,0,29,29,0,1359,41790,0,0,1359,620,3,4,0,0,3,False,False,False
2015-12-11,0,27,0,0,29,29,0,1360,41814,0,0,1360,620,3,4,0,0,3,False,False,False
2015-12-12,0,28,0,0,29,29,0,1361,41838,0,0,1361,620,3,4,0,0,3,False,False,False
2015-12-13,0,28,0,0,29,29,0,1362,41862,0,0,1362,620,3,4,0,0,3,False,False,False
2015-12-14,0,28,0,0,29,29,0,1363,41886,0,0,1363,620,3,4,0,0,3,False,False,False
2015-12-15,0,28,0,0,29,29,0,1364,41910,0,0,1364,620,3,4,0,0,3,False,False,False
2015-12-16,0,28,0,0,29,29,0,1365,41934,0,0,1365,620,3,4,0,0,3,False,False,False
2015-12-17,0,28,0,0,29,29,0,1365,41958,0,0,1365,620,3,4,0,0,3,False,False,False
2015-12-18,0,29,0,0,29,29,0,1366,41982,0,0,1366,620,3,4,0,0,3,False,False,False
2015-12-19,0,28,0,0,29,29,0,1367,42006,0,0,1367,620,3,4,0,0,3,False,False,False
2015-12-20,0,28,0,0,29,29,0,1368,42030,0,0,1368,620,3,4,0,0,3,False,False,False
2015-12-21,0,28,0,0,29,29,0,1369,42054,0,0,1369,620,3,4,0,0,3,False,False,False
2015-12-22,0,28,0,0,29,29,0,1370,42078,0,0,1370,620,3,4,0,0,3,False,False,False
2015-12-23,0,28,0,0,29,29,0,1371,42102,0,0,1371,620,3,4,0,0,3,False,False,False
2015-12-24,0,28,0,0,29,29,0,1372,42126,0,0,1372,620,3,4,0,0,3,False,False,False
2015-12-25,0,28,0,0,29,29,0,1372,42150,0,0,1372,620,3,4,0,0,3,False,False,False
2015-12-26,0,28,0,0,29,29,0,1373,42174,0,0,1373,620,3,4,0,0,3,False,False,False
2015-12-27,0,28,0,0,29,29,0,1374,42198,0,0,1374,620,3,4,0,0,3,False,False,False
2015-12-28,0,29,0,0,29,29,0,1375,42222,0,0,1375,620,3,4,0,0,3,False,False,False
2015-12-29,0,29,0,0,29,29,0,1376,42246,0,0,1376,620,3,4,0,0,3,False,False,False
2015-12-30,0,29,0,0,29,29,0,1376,42270,0,0,1376,620,3,4,0,0,3,False,False,False
2015-12-31,0,29,0,0,29,29,0,1377,42294,0,0,1377,620,3,4,0,0,3,False,False,False
2016-01-01,0,29,0,0,29,29,0,1378,42318,0,0,1378,620,3,4,0,0,3,False,False,False
2016-01-02,0,29,0,0,29,29,0,1379,42342,0,0,1379,620,3,4,0,0,3,False,False,False
2016-01-03,0,29,0,0,29,29,0,1380,42366,0,0,1380,620,3,4,0,0,3,False,False,False
2016-01-04,0,29,0,0,29,29,0,1381,42390,0,0,1381,620,3,4,0,0,3,False,False,False
2016-01-05,0,29,0,0,29,29,0,1381,42414,0,0,1381,620,3,4,0,0,3,False,False,False
2016-01-06,0,29,0,0,29,29,0,1382,42438,0,0,1382,620,3,4,0,0,3,False,False,False
2016-01-07,0,29,0,0,29,29,0,1383,42462,0,0,1383,620,3,4,0,0,3,False,False,False
2016-01-08,0,29,0,0,29,29,0,1384,42486,0,0,1384,620,3,4,0,0,3,False,False,False
2016-01-09,0,29,0,0,29,29,0,1385,42510,0,0,1385,620,3,4,0,0,3,False,False,False
2016-01-10,0,29,0,0,29,29,0,1386,42534,0,0,1386,620,3,4,0,0,3,False,False,False
2016-01-11,0,29,0,0,29,29,0,1387,42558,0,0,1387,620,3,4,0,0,3,False,False,False
2016-01-12,0,29,0,0,29,29,0,1388,42582,0,0,1388,620,3,4,0,0,3,False,False,False
2016-01-13,0,29,0,0,29,29,0,1389,42606,0,0,1389,620,3,4,0,0,3,False,False,False
2016-01-14,0,29,0,0,29,29,0,1389,42630,0,0,1389,620,3,4,0,0,3,False,False,False
2016-01-15,0,29,0,0,29,29,0,1390,42654,0,0,1390,620,3,4,0,0,3,False,False,False
2016-01-16,0,28,0,0,29,29,0,1391,42678,0,0,1391,620,3,4,0,0,3,False,False,False
2016-01-17,0,29,0,0,29,29,0,1392,42702,0,0,1392,620,3,4,0,0,3,False,False,False
2016-01-18,0,29,0,0,29,29,0,1393,42726,0,0,1393,620,3,4,0,0,3,False,False,False
2016-01-19,0,28,0,0,29,29,0,1394,42750,0,0,1394,620,3,4,0,0,3,False,False,False
2016-01-20,0,28,0,0,29,29,0,1395,42774,0,0,1395,620,3,4,0,0,3,False,False,False
2016-01-21,0,28,0,0,29,29,0,1396,42798,0,0,1396,620,3,4,0,0,3,False,False,False
2016-01-22,0,28,0,0,29,29,0,1396,42822,0,0,1396,620,3,4,0,0,3,False,False,False
2016-01-23,0,28,0,0,29,29,0,1397,42846,0,0,1397,620,3,4,0,0,3,False,False,False
2016-01-24,0,28,0,0,29,29,0,1398,42870,0,0,1398,620,3,4,0,0,3,False,False,False
2016-01-25,0,28,0,0,29,29,0,1399,42894,0,0,1399,620,3,4,0,0,3,False,False,False
2016-01-26,0,28,0,0,29,29,0,1400,42918,0,0,1400,620,3,4,0,0,3,False,False,False
2016-01-27,0,28,0,0,29,29,0,1401,42942,0,0,1401,620,3,4,0,0,3,False,False,False
2016-01-28,0,28,0,0,29,29,0,1402,42966,0,0,1402,620,3,4,0,0,3,False,False,False
2016-01-29,0,28,0,0,29,29,0,1403,42990,0,0,1403,620,3,4,0,0,3,False,False,False
2016-01-30,0,28,0,0,29,29,0,1404,43014,0,0,1404,620,3,4,0,0,3,False,False,False
2016-01-31,0,30,0,0,29,29,0,1405,43038,0,0,1405,620,3,4,0,0,3,False,False,False
2016-02-01,0,30,0,0,29,29,0,1406,43062,0,0,1406,620,3,4,0,0,3,False,False,False
2016-02-02,0,29,0,0,29,29,0,1407,43086,0,0,1407,620,3,4,0,0,3,False,False,False
2016-02-03,0,29,0,0,29,29,0,1407,43110,0,0,1407,620,3,4,0,0,3,False,False,False
2016-02-04,0,30,0,0,29,29,0,1408,43134,0,0,1408,620,3,4,0,0,3,False,False,False
2016-02-05,0,30,0,0,29,29,0,1409,43158,0,0,1409,620,3,4,0,0,3,False,False,False
2016-02-06,0,29,0,0,29,29,0,1410,43182,0,0,1410,620,3,4,0,0,3,False,False,False
2016-02-07,0,29,0,0,29,29,0,1411,43206,0,0,1411,620,3,4,0,0,3,False,False,False
2016-02-08,0,29,0,0,29,29,0,1412,43230,0,0,1412,620,3,4,0,0,3,False,False,False
2016-02-09,0,30,0,0,29,29,0,1413,43254,0,0,1413,620,3,4,0,0,3,False,False,False
2016-02-10,0,28,0,0,29,29,0,1414,43278,0,0,1414,620,3,4,0,0,3,False,False,False
2016-02-11,0,31,0,0,29,29,0,1415,43302,0,0,1415,620,3,4,0,0,3,False,False,False
2016-02-12,0,29,0,0,29,29,0,1415,43326,0,0,1415,620,3,4,0,0,3,False,False,False
2016-02-13,0,29,0,0,29,29,0,1416,43350,0,0,1416,620,3,4,0,0,3,False,False,False
2016-02-14,0,30,0,0,29,29,0,1417,43374,0,0,1417,620,3,4,0,0,3,False,False,False
2016-02-15,0,29,0,0,29,29,0,1418,43398,0,0,1418,620,3,4,0,0,3,False,False,False
2016-02-16,0,30,0,0,29,29,0,1419,43422,0,0,1419,620,3,4,0,0,3,False,False,False
2016-02-17,0,29,0,0,29,29,0,1420,43446,0,0,1420,620,3,4,0,0,3,False,False,False
2016-02-18,0,30,0,0,29,29,0,1421,43470,0,0,1421,620,3,4,0,0,3,False,False,False
2016-02-19,0,30,0,0,29,29,0,1422,43494,0,0,1422,620,3,4,0,0,3,False,False,False
2016-02-20,0,30,0,0,29,29,0,1423,43518,0,0,1423,620,3,4,0,0,3,False,False,False
2016-02-21,0,30,0,0,29,29,0,1424,43542,0,0,1424,620,3,4,0,0,3,False,False,False
2016-02-22,0,30,0,0,29,29,0,1425,43566,0,0,1425,620,3,4,0,0,3,False,False,False
2016-02-23,0,30,0,0,29,29,0,1426,43590,0,0,1426,620,3,4,0,0,3,False,False,False
2016-02-24,0,31,0,0,29,29,0,1427,43614,0,0,1427,620,3,4,0,0,3,False,False,False
2016-02-25,0,30,0,0,29,29,0,1428,43638,0,0,1428,620,3,4,0,0,3,False,False,False
2016-02-26,0,30,0,0,29,29,0,1429,43662,0,0,1429,620,3,4,0,0,3,False,False,False
2016-02-27,0,30,0,0,29,29,0,1430,43686,0,0,1430,620,3,4,0,0,3,False,False,False
2016-02-28,0,31,0,0,29,29,0,1430,43710,0,0,1430,620,3,4,0,0,3,False,False,False
2016-02-29,0,30,0,0,29,29,0,1431,43734,0,0,1431,620,3,4,0,0,3,False,False,False
2016-03-01,0,30,0,0,29,29,0,1432,43758,0,0,1432,620,3,4,0,0,3,False,False,False
2016-03-02,0,28,0,0,29,29,0,1433,43782,0,0,1433,620,3,4,0,0,3,False,False,False
2016-03-03,0,29,0,0,29,29,0,1433,43806,0,0,1433,620,3,4,0,0,3,False,False,False
2016-03-04,0,28,0,0,29,29,0,1433,43830,0,0,1433,620,3,4,0,0,3,False,False,False
2016-03-05,0,28,0,0,29,29,0,1433,43854,0,0,1433,620,3,4,0,0,3,False,False,False
2016-03-06,0,30,0,0,29,29,0,1433,43878,0,0,1433,620,3,4,0,0,3,False,False,False
2016-03-07,0,31,0,0,29,29,0,1433,43902,0,0,1433,620,3,4,0,0,3,False,False,False
2016-03-08,0,30,0,0,29,29,0,1433,43926,0,0,1433,620,3,4,0,0,3,False,False,False
2016-03-09,0,30,0,0,29,29,0,1433,43950,0,0,1433,620,3,4,0,0,3,False,False,False
2016-03-10,0,31,0,0,29,29,0,1433,43974,0,0,1433,620,3,4,0,0,3,False,False,False
2016-03-11,0,31,0,0,29,29,0,1433,43998,0,0,1433,620,3,4,0,0,3,False,False,False
2016-03-12,0,31,0,0,29,29,0,1433,44022,0,0,1433,620,3,4,0,0,3,False,False,False
2016-03-13,0,31,0,0,29,29,0,1433,44046,0,0,1433,620,3,4,0,0,3,False,False,False
2016-03-14,0,31,0,0,29,29,0,1433,44070,0,0,1433,620,3,4,0,0,3,False,False,False
2016-03-15,0,30,0,0,29,29,0,1433,44093,0,0,1433,620,3,4,0,0,3,False,False,False
2016-03-16,0,31,0,0,29,29,0,1433,44117,0,0,1433,620,3,4,0,0,3,False,False,False
2016-03-17,0,30,0,0,29,29,0,1433,44141,0,0,1433,620,3,4,0,0,3,False,False,False
2016-03-18,0,31,0,0,29,29,0,1433,44165,0,0,1433,620,3,4,0,0,3,False,False,False
2016-03-19,0,31,0,0,29,29,0,1433,44189,0,0,1433,620,3,4,0,0,3,False,False,False
2016-03-20,0,30,0,0,29,29,0,1433,44213,0,0,1433,620,4,4,0,0,4,False,False,False
2016-03-21,0,31,0,0,29,29,0,1433,44237,0,0,1433,620,4,4,0,0,4,False,False,False
2016-03-22,0,30,0,0,29,29,0,1433,44261,0,0,1433,620,4,4,0,0,4,False,False,False
2016-03-23,0,30,0,0,29,29,0,1433,44285,0,0,1433,620,4,4,0,0,4,False,False,False
2016-03-24,0,30,0,0,29,29,0,1433,44309,0,0,1433,620,4,4,0,0,4,False,False,False
2016-03-25,0,31,0,0,29,29,0,1433,44332,0,0,1433,620,4,4,0,0,4,False,False,False
2016-03-26,0,30,0,0,29,29,0,1433,44357,0,0,1433,620,4,4,0,0,4,False,False,False
2016-03-27,0,31,0,0,29,29,0,1433,44381,0,0,1433,620,4,4,0,0,4,False,False,False
2016-03-28,0,31,0,0,29,29,0,1434,44405,0,0,1434,620,4,4,0,0,4,False,False,False
2016-03-29,0,30,0,0,29,29,0,1434,44429,0,0,1434,620,4,4,0,0,4,False,False,False
2016-03-30,0,30,0,0,29,29,0,1435,44453,0,0,1435,620,4,4,0,0,4,False,False,False
2016-03-31,0,31,0,0,29,29,0,1435,44477,0,0,1435,620,4,4,0,0,4,False,False,False
2016-04-01,0,31,0,0,29,29,0,1436,44501,0,0,1436,620,4,4,0,0,4,False,False,False
2016-04-02,0,31,0,0,29,29,0,1437,44525,0,0,1437,620,4,4,0,0,4,False,False,False
2016-04-03,0,29,0,0,29,29,0,1438,44549,0,0,1438,620,4,4,0,0,4,False,False,False
2016-04-04,0,29,0,0,29,29,0,1438,44573,0,0,1438,620,4,4,0,0,4,False,False,False
2016-04-05,0,29,0,0,29,29,0,1438,44597,0,0,1438,620,4,4,0,0,4,False,False,False
2016-04-06,0,28,0,0,29,29,0,1438,44621,0,0,1438,620,4,4,0,0,4,False,False,False
2016-04-07,0,27,0,0,29,29,0,1438,44645,0,0,1438,620,4,4,0,0,4,False,False,False
2016-04-08,0,30,0,0,29,29,0,1438,44669,0,0,1438,620,4,4,0,0,4,False,False,False
2016-04-09,0,30,0,0,29,29,0,1438,44693,0,0,1438,620,4,4,0,0,4,False,False,False
2016-04-10,0,30,0,0,29,29,0,1438,44717,0,0,1438,620,4,4,0,0,4,False,False,False
2016-04-11,0,29,0,0,29,29,0,1438,44741,0,0,1438,620,4,4,0,0,4,False,False,False
2016-04-12,0,29,0,0,29,29,0,1438,44765,0,0,1438,620,4,4,0,0,4,False,False,False
2016-04-13,0,29,0,0,29,29,0,1438,44789,0,0,1438,620,4,4,0,0,4,False,False,False
2016-04-14,0,29,0,0,29,29,0,1438,44813,0,0,1438,620,4,4,0,0,4,False,False,False
2016-04-15,0,29,0,0,29,29,0,1438,44837,0,0,1438,620,4,4,0,0,4,False,False,False
2016-04-16,0,28,0,0,29,29,0,1438,44861,0,0,1438,620,4,4,0,0,4,False,False,False
2016-04-17,0,29,0,0,29,29,0,1438,44885,0,0,1438,620,4,4,0,0,4,False,False,False
2016-04-18,0,29,0,0,29,29,0,1438,44909,0,0,1438,620,4,4,0,0,4,False,False,False
2016-04-19,0,27,0,0,29,29,0,1438,44933,0,0,1438,620,4,4,0,0,4,False,False,False
2016-04-20,0,27,0,0,29,29,0,1438,44957,0,0,1438,620,4,4,0,0,4,False,False,False
2016-04-21,0,28,0,0,29,29,0,1438,44981,0,0,1438,620,4,4,0,0,4,False,False,False
2016-04-22,0,29,0,0,29,29,0,1438,45005,0,0,1438,620,4,4,0,0,4,False,False,False
2016-04-23,0,29,0,0,29,29,0,1439,45029,0,0,1439,620,4,4,0,0,4,False,False,False
2016-04-24,0,29,0,0,29,29,0,1439,45053,0,0,1439,620,4,4,0,0,4,False,False,False
2016-04-25,0,28,0,0,29,29,0,1440,45077,0,0,1440,620,4,4,0,0,4,False,False,False
2016-04-26,0,29,0,0,29,29,0,1440,45101,0,0,1440,620,4,4,0,0,4,False,False,False
2016-04-27,0,29,0,0,29,29,0,1441,45125,0,0,1441,620,4,4,0,0,4,False,False,False
2016-04-28,0,29,0,0,29,29,0,1441,45149,0,0,1441,620,4,4,0,0,4,False,False,False
2016-04-29,0,29,0,0,29,29,0,1441,45173,0,0,1441,620,4,4,0,0,4,False,False,False
2016-04-30,0,31,0,0,29,29,0,1441,45197,0,0,1441,620,4,4,0,0,4,False,False,False
2016-05-01,0,29,0,0,29,29,0,1441,45221,0,0,1441,620,4,4,0,0,4,False,False,False
2016-05-02,0,29,0,0,29,29,0,1441,45245,0,0,1441,620,4,4,0,0,4,False,False,False
2016-05-03,0,29,0,0,29,29,0,1441,45269,0,0,1441,620,4,4,0,0,4,False,False,False
2016-05-04,0,28,0,0,29,29,0,1441,45293,0,0,1441,620,4,4,0,0,4,False,False,False
2016-05-05,0,36,0,0,29,29,0,1441,45317,0,0,1441,620,4,4,0,0,4,False,False,False
2016-05-06,0,35,0,0,29,29,0,1441,45341,0,0,1441,620,4,4,0,0,4,False,False,False
2016-05-07,0,37,0,0,29,29,0,1441,45365,0,0,1441,620,4,4,0,0,4,False,False,False
2016-05-08,0,38,0,0,29,29,0,1441,45389,0,0,1441,620,4,4,0,0,4,False,False,False
2016-05-09,0,38,0,0,29,29,0,1441,45413,0,0,1441,620,4,4,0,0,4,False,False,False
2016-05-10,0,37,0,0,29,29,0,1441,45437,0,0,1441,620,4,4,0,0,4,False,False,False
2016-05-11,0,36,0,0,29,29,0,1441,45461,0,0,1441,620,4,4,0,0,4,False,False,False
2016-05-12,0,36,0,0,29,29,0,1441,45485,0,0,1441,620,4,4,0,0,4,False,False,False
2016-05-13,0,36,0,0,29,29,0,1441,45509,0,0,1441,620,4,4,0,0,4,False,False,False
2016-05-14,0,37,0,0,29,29,0,1441,45533,0,0,1441,620,4,4,0,0,4,False,False,False
2016-05-15,0,38,0,0,29,29,0,1441,45557,0,0,1441,620,4,4,0,0,4,False,False,False
2016-05-16,0,36,0,0,29,29,0,1441,45581,0,0,1441,620,4,4,0,0,4,False,False,False
2016-05-17,0,36,0,0,29,29,0,1442,45605,0,0,1442,620,4,4,0,0,4,False,False,False
2016-05-18,0,36,0,0,29,29,0,1443,45629,0,0,1443,620,4,4,0,0,4,False,False,False
2016-05-19,0,36,0,0,29,29,0,1443,45653,0,0,1443,620,4,4,0,0,4,False,False,False
2016-05-23,0,43,0,0,32,32,0,1446,45739,0,0,1446,628,8,0,0,0,8,False,False,False
2016-05-24,0,43,0,0,32,32,0,1446,45763,0,0,1446,628,8,0,0,0,8,False,False,False
2016-05-25,0,43,0,0,32,32,0,1446,45787,0,0,1446,628,8,0,0,0,8,False,False,False
2016-05-26,0,39,0,0,34,34,0,1448,45810,0,0,1448,628,8,2,0,0,8,False,False,False
