date,failure,Smart 194: Temperature_Celsius (Raw Value),Smart 8: Seek_Time_Performance (Raw Value),Smart 1: Raw_Read_Error_Rate (Raw Value),Smart 12: Power_Cycle_Count (Raw Value),Smart 4: Start_Stop_Count (Raw Value),Smart 10: Spin_Retry_Count (Raw Value),Smart 192: Power-Off_Retract_Count (Raw Value),Smart 9: Power_On_Hours (Raw Value),Smart 2: Throughput_Performance (Raw Value),Smart 7: Seek_Error_Rate (Raw Value),Smart 193: Load_Cycle_Count (Raw Value),Smart 3: Spin_Up_Time (Raw Value),Smart 5: Reallocated_Sector_Ct (Raw Value),Smart 197: Current_Pending_Sector (Raw Value),Smart 198: Offline_Uncorrectable (Raw Value),Smart 199: UDMA_CRC_Error_Count (Raw Value),Smart 196: Reallocated_Event_Count (Raw Value),op_fail_30,op_fail_15,op_fail_1
2013-04-10,0,31,,0,,,,,16987,,,,,0,0,,,,False,False,False
2013-04-11,0,31,,0,,,,,17010,,,,,0,0,,,,False,False,False
2013-04-12,0,31,,0,,,,,17034,,,,,0,0,,,,False,False,False
2013-04-13,0,31,,0,,,,,17058,,,,,0,0,,,,False,False,False
2013-04-14,0,31,,0,,,,,17082,,,,,0,0,,,,False,False,False
2013-04-15,0,31,,0,,,,,17106,,,,,0,0,,,,False,False,False
2013-04-16,0,31,,0,,,,,17130,,,,,0,0,,,,False,False,False
2013-04-17,0,31,,0,,,,,17154,,,,,0,0,,,,False,False,False
2013-04-18,0,31,,0,,,,,17178,,,,,0,0,,,,False,False,False
2013-04-19,0,31,,0,,,,,17202,,,,,0,0,,,,False,False,False
2013-04-20,0,31,,0,,,,,17226,,,,,0,0,,,,False,False,False
2013-04-21,0,31,,0,,,,,17250,,,,,0,0,,,,False,False,False
2013-04-22,0,31,,65536,,,,,17274,,,,,0,0,,,,False,False,False
2013-04-23,0,31,,0,,,,,17298,,,,,0,0,,,,False,False,False
2013-04-24,0,30,,0,,,,,17322,,,,,0,0,,,,False,False,False
2013-04-25,0,29,,0,,,,,17346,,,,,0,0,,,,False,False,False
2013-04-26,0,27,,0,,,,,17364,,,,,0,0,,,,False,False,False
2013-04-27,0,28,,0,,,,,17388,,,,,0,0,,,,False,False,False
2013-04-28,0,28,,0,,,,,17412,,,,,0,0,,,,False,False,False
2013-04-29,0,28,,0,,,,,17436,,,,,0,0,,,,False,False,False
2013-04-30,0,25,,0,,,,,17460,,,,,0,0,,,,False,False,False
2013-05-01,0,25,,0,,,,,17484,,,,,0,0,,,,False,False,False
2013-05-02,0,27,,0,,,,,17508,,,,,0,0,,,,False,False,False
2013-05-03,0,28,,0,,,,,17532,,,,,0,0,,,,False,False,False
2013-05-04,0,30,,0,,,,,17556,,,,,0,0,,,,False,False,False
2013-05-05,0,30,,0,,,,,17580,,,,,0,0,,,,False,False,False
2013-05-06,0,31,,0,,,,,17604,,,,,0,0,,,,False,False,False
2013-05-07,0,32,,0,,,,,17628,,,,,0,0,,,,False,False,False
2013-05-08,0,25,,0,,,,,17652,,,,,0,0,,,,False,False,False
2013-05-09,0,25,,0,,,,,17676,,,,,0,0,,,,False,False,False
2013-05-10,0,25,,0,,,,,17700,,,,,0,0,,,,False,False,False
2013-05-11,0,25,,0,,,,,17724,,,,,0,0,,,,False,False,False
2013-05-12,0,24,,0,,,,,17748,,,,,0,0,,,,False,False,False
2013-05-13,0,24,,0,,,,,17772,,,,,0,0,,,,False,False,False
2013-05-14,0,24,,0,,,,,17796,,,,,0,0,,,,False,False,False
2013-05-15,0,26,,0,,,,,17820,,,,,0,0,,,,False,False,False
2013-05-16,0,25,,0,,,,,17844,,,,,0,0,,,,False,False,False
2013-05-17,0,27,,0,,,,,17868,,,,,0,0,,,,False,False,False
2013-05-18,0,25,,0,,,,,17892,,,,,0,0,,,,False,False,False
2013-05-19,0,25,,0,,,,,17916,,,,,0,0,,,,False,False,False
2013-05-20,0,25,,0,,,,,17940,,,,,0,0,,,,False,False,False
2013-05-21,0,25,,0,,,,,17964,,,,,0,0,,,,False,False,False
2013-05-22,0,26,,0,,,,,17988,,,,,0,0,,,,False,False,False
2013-05-23,0,25,,0,,,,,18012,,,,,0,0,,,,False,False,False
2013-05-24,0,26,,0,,,,,18036,,,,,0,0,,,,False,False,False
2013-05-25,0,28,,0,,,,,18060,,,,,0,0,,,,False,False,False
2013-05-26,0,25,,0,,,,,18084,,,,,0,0,,,,False,False,False
2013-05-27,0,26,,0,,,,,18108,,,,,0,0,,,,False,False,False
2013-05-28,0,25,,0,,,,,18132,,,,,0,0,,,,False,False,False
2013-05-29,0,25,,0,,,,,18156,,,,,0,0,,,,False,False,False
2013-05-30,0,29,,0,,,,,18180,,,,,0,0,,,,False,False,False
2013-05-31,0,27,,0,,,,,18204,,,,,0,0,,,,False,False,False
2013-06-01,0,28,,0,,,,,18228,,,,,0,0,,,,False,False,False
2013-06-02,0,28,,0,,,,,18252,,,,,0,0,,,,False,False,False
2013-06-03,0,26,,1,,,,,18276,,,,,0,0,,,,False,False,False
2013-06-04,0,25,,0,,,,,18300,,,,,0,0,,,,False,False,False
2013-06-05,0,29,,0,,,,,18324,,,,,0,0,,,,False,False,False
2013-06-06,0,29,,0,,,,,18348,,,,,0,0,,,,False,False,False
2013-06-07,0,31,,0,,,,,18372,,,,,0,0,,,,False,False,False
2013-06-08,0,31,,0,,,,,18396,,,,,0,0,,,,False,False,False
2013-06-09,0,31,,0,,,,,18420,,,,,0,0,,,,False,False,False
2013-06-10,0,32,,0,,,,,18444,,,,,0,0,,,,False,False,False
2013-06-11,0,33,,0,,,,,18468,,,,,0,0,,,,False,False,False
2013-06-12,0,30,,0,,,,,18492,,,,,0,0,,,,False,False,False
2013-06-13,0,28,,0,,,,,18516,,,,,0,0,,,,False,False,False
2013-06-14,0,29,,0,,,,,18540,,,,,0,0,,,,False,False,False
2013-06-15,0,28,,0,,,,,18564,,,,,0,0,,,,False,False,False
2013-06-16,0,28,,0,,,,,18588,,,,,0,0,,,,False,False,False
2013-06-17,0,31,,0,,,,,18612,,,,,0,0,,,,False,False,False
2013-06-18,0,32,,0,,,,,18636,,,,,0,0,,,,False,False,False
2013-06-19,0,30,,0,,,,,18660,,,,,0,0,,,,False,False,False
2013-06-20,0,32,,0,,,,,18684,,,,,0,0,,,,False,False,False
2013-06-21,0,32,,0,,,,,18708,,,,,0,0,,,,False,False,False
2013-06-22,0,32,,0,,,,,18732,,,,,0,0,,,,False,False,False
2013-06-23,0,29,,0,,,,,18756,,,,,0,0,,,,False,False,False
2013-06-24,0,27,,0,,,,,18780,,,,,0,0,,,,False,False,False
2013-06-25,0,28,,0,,,,,18804,,,,,0,0,,,,False,False,False
2013-06-26,0,27,,0,,,,,18828,,,,,0,0,,,,False,False,False
2013-06-27,0,27,,0,,,,,18852,,,,,0,0,,,,False,False,False
2013-06-28,0,27,,0,,,,,18876,,,,,0,0,,,,False,False,False
2013-06-29,0,26,,0,,,,,18900,,,,,0,0,,,,False,False,False
2013-06-30,0,27,,0,,,,,18924,,,,,0,0,,,,False,False,False
2013-07-01,0,27,,0,,,,,18948,,,,,0,0,,,,False,False,False
2013-07-02,0,27,,0,,,,,18972,,,,,0,0,,,,False,False,False
2013-07-03,0,27,,0,,,,,18996,,,,,0,0,,,,False,False,False
2013-07-04,0,27,,0,,,,,19020,,,,,0,0,,,,False,False,False
2013-07-05,0,27,,0,,,,,19044,,,,,0,0,,,,False,False,False
2013-07-06,0,28,,0,,,,,19068,,,,,0,0,,,,False,False,False
2013-07-07,0,27,,0,,,,,19092,,,,,0,0,,,,False,False,False
2013-07-08,0,28,,0,,,,,19116,,,,,0,0,,,,False,False,False
2013-07-09,0,28,,0,,,,,19140,,,,,0,0,,,,False,False,False
2013-07-10,0,27,,0,,,,,19164,,,,,0,0,,,,False,False,False
2013-07-11,0,28,,0,,,,,19188,,,,,0,0,,,,False,False,False
2013-07-12,0,28,,0,,,,,19212,,,,,0,0,,,,False,False,False
2013-07-13,0,28,,0,,,,,19236,,,,,0,0,,,,False,False,False
2013-07-14,0,27,,0,,,,,19260,,,,,0,0,,,,False,False,False
2013-07-15,0,28,,0,,,,,19284,,,,,0,0,,,,False,False,False
2013-07-16,0,27,,0,,,,,19308,,,,,0,0,,,,False,False,False
2013-07-17,0,28,,0,,,,,19332,,,,,0,0,,,,False,False,False
2013-07-18,0,30,,0,,,,,19356,,,,,0,0,,,,False,False,False
2013-07-19,0,25,,0,,,,,19380,,,,,0,0,,,,False,False,False
2013-07-20,0,24,,0,,,,,19404,,,,,0,0,,,,False,False,False
2013-07-21,0,25,,0,,,,,19428,,,,,0,0,,,,False,False,False
2013-07-22,0,25,,0,,,,,19452,,,,,0,0,,,,False,False,False
2013-07-23,0,25,,0,,,,,19476,,,,,0,0,,,,False,False,False
2013-07-24,0,27,,0,,,,,19500,,,,,0,0,,,,False,False,False
2013-07-25,0,26,,0,,,,,19524,,,,,0,0,,,,False,False,False
2013-07-26,0,26,,0,,,,,19548,,,,,0,0,,,,False,False,False
2013-07-27,0,27,,0,,,,,19572,,,,,0,0,,,,False,False,False
2013-07-28,0,27,,0,,,,,19596,,,,,0,0,,,,False,False,False
2013-07-29,0,27,,0,,,,,19620,,,,,0,0,,,,False,False,False
2013-07-30,0,27,,0,,,,,19644,,,,,0,0,,,,False,False,False
2013-07-31,0,26,,0,,,,,19668,,,,,0,0,,,,False,False,False
2013-08-01,0,26,,0,,,,,19692,,,,,0,0,,,,False,False,False
2013-08-02,0,25,,0,,,,,19716,,,,,0,0,,,,False,False,False
2013-08-03,0,26,,0,,,,,19740,,,,,0,0,,,,False,False,False
2013-08-04,0,27,,0,,,,,19764,,,,,0,0,,,,False,False,False
2013-08-05,0,26,,0,,,,,19788,,,,,0,0,,,,False,False,False
2013-08-06,0,24,,0,,,,,19812,,,,,0,0,,,,False,False,False
2013-08-07,0,25,,0,,,,,19836,,,,,0,0,,,,False,False,False
2013-08-08,0,26,,0,,,,,19860,,,,,0,0,,,,False,False,False
2013-08-09,0,28,,0,,,,,19884,,,,,0,0,,,,False,False,False
2013-08-10,0,27,,0,,,,,19908,,,,,0,0,,,,False,False,False
2013-08-11,0,26,,0,,,,,19932,,,,,0,0,,,,False,False,False
2013-08-12,0,28,,0,,,,,19956,,,,,0,0,,,,False,False,False
2013-08-13,0,28,,0,,,,,19980,,,,,0,0,,,,False,False,False
2013-08-14,0,25,,0,,,,,20004,,,,,0,0,,,,False,False,False
2013-08-15,0,27,,0,,,,,20028,,,,,0,0,,,,False,False,False
2013-08-16,0,26,,0,,,,,20052,,,,,0,0,,,,False,False,False
2013-08-17,0,25,,0,,,,,20076,,,,,0,0,,,,False,False,False
2013-08-18,0,25,,0,,,,,20100,,,,,0,0,,,,False,False,False
2013-08-19,0,25,,0,,,,,20124,,,,,0,0,,,,False,False,False
2013-10-15,0,26,,0,,,,,21492,,,,,0,0,,,,False,False,False
2013-10-16,0,26,,0,,,,,21516,,,,,0,0,,,,False,False,False
2013-10-17,0,26,,0,,,,,21540,,,,,0,0,,,,False,False,False
2013-10-18,0,27,,0,,,,,21564,,,,,0,0,,,,False,False,False
2013-10-19,0,27,,0,,,,,21588,,,,,0,0,,,,False,False,False
2013-10-20,0,26,,0,,,,,21612,,,,,0,0,,,,False,False,False
2013-10-21,0,27,,0,,,,,21636,,,,,0,0,,,,False,False,False
2013-10-22,0,27,,0,,,,,21660,,,,,0,0,,,,False,False,False
2013-10-23,0,26,,0,,,,,21684,,,,,0,0,,,,False,False,False
2013-10-24,0,26,,0,,,,,21708,,,,,0,0,,,,False,False,False
2013-10-25,0,25,,0,,,,,21732,,,,,0,0,,,,False,False,False
2013-10-26,0,25,,0,,,,,21756,,,,,0,0,,,,False,False,False
2013-10-27,0,26,,0,,,,,21780,,,,,0,0,,,,False,False,False
2013-10-28,0,26,,0,,,,,21804,,,,,0,0,,,,False,False,False
2013-10-29,0,27,,1,,,,,21828,,,,,0,0,,,,False,False,False
2013-10-30,0,27,,0,,,,,21852,,,,,0,0,,,,False,False,False
2013-10-31,0,28,,0,,,,,21876,,,,,0,0,,,,False,False,False
2013-11-01,0,27,,0,,,,,21900,,,,,0,0,,,,False,False,False
2013-11-02,0,27,,0,,,,,21924,,,,,0,0,,,,False,False,False
2013-11-03,0,27,,0,,,,,21948,,,,,0,0,,,,False,False,False
2013-11-04,0,26,,0,,,,,21973,,,,,0,0,,,,False,False,False
2013-11-05,0,27,,0,,,,,21997,,,,,0,0,,,,False,False,False
2013-11-06,0,26,,0,,,,,22021,,,,,0,0,,,,False,False,False
2013-11-07,0,26,,0,,,,,22045,,,,,0,0,,,,False,False,False
2013-11-08,0,25,,0,,,,,22069,,,,,0,0,,,,False,False,False
2013-11-09,0,25,,0,,,,,22093,,,,,0,0,,,,False,False,False
2013-11-10,0,28,,0,,,,,22117,,,,,0,0,,,,False,False,False
2013-11-11,0,27,,0,,,,,22141,,,,,0,0,,,,False,False,False
2013-11-12,0,27,,0,,,,,22165,,,,,0,0,,,,False,False,False
2013-11-13,0,26,,0,,,,,22189,,,,,0,0,,,,False,False,False
2013-11-14,0,27,,0,,,,,22213,,,,,0,0,,,,False,False,False
2013-11-15,0,26,,0,,,,,22237,,,,,0,0,,,,False,False,False
2013-11-16,0,26,,0,,,,,22261,,,,,0,0,,,,False,False,False
2013-11-17,0,26,,0,,,,,22285,,,,,0,0,,,,False,False,False
2013-11-18,0,29,,0,,,,,22309,,,,,0,0,,,,False,False,False
2013-11-19,0,25,,0,,,,,22333,,,,,0,0,,,,False,False,False
2013-11-20,0,26,,0,,,,,22357,,,,,0,0,,,,False,False,False
2013-11-21,0,26,,0,,,,,22381,,,,,0,0,,,,False,False,False
2013-11-22,0,26,,0,,,,,22405,,,,,0,0,,,,False,False,False
2013-11-23,0,26,,0,,,,,22429,,,,,0,0,,,,False,False,False
2013-11-24,0,26,,0,,,,,22453,,,,,0,0,,,,False,False,False
2013-11-25,0,26,,0,,,,,22477,,,,,0,0,,,,False,False,False
2013-11-26,0,26,,0,,,,,22501,,,,,0,0,,,,False,False,False
2013-11-27,0,26,,0,,,,,22525,,,,,0,0,,,,False,False,False
2013-11-28,0,25,,0,,,,,22549,,,,,0,0,,,,False,False,False
2013-11-29,0,26,,0,,,,,22573,,,,,0,0,,,,False,False,False
2013-11-30,0,25,,0,,,,,22597,,,,,0,0,,,,False,False,False
2013-12-01,0,26,,0,,,,,22621,,,,,0,0,,,,False,False,False
2013-12-02,0,25,,0,,,,,22645,,,,,0,0,,,,False,False,False
2013-12-03,0,26,,0,,,,,22669,,,,,0,0,,,,False,False,False
2013-12-04,0,27,,0,,,,,22693,,,,,0,0,,,,False,False,False
2013-12-05,0,27,,0,,,,,22717,,,,,0,0,,,,False,False,False
2013-12-06,0,26,,0,,,,,22741,,,,,0,0,,,,False,False,False
2013-12-07,0,26,,0,,,,,22765,,,,,0,0,,,,False,False,False
2013-12-08,0,27,,0,,,,,22789,,,,,0,0,,,,False,False,False
2013-12-09,0,27,,0,,,,,22813,,,,,0,0,,,,False,False,False
2013-12-10,0,26,,65536,,,,,22837,,,,,0,0,,,,False,False,False
2013-12-11,0,27,,0,,,,,22861,,,,,0,0,,,,False,False,False
2013-12-12,0,30,,131072,,,,,22885,,,,,0,0,,,,False,False,False
2013-12-13,0,25,,0,,,,,22909,,,,,0,0,,,,False,False,False
2013-12-14,0,27,,0,,,,,22933,,,,,0,0,,,,False,False,False
2013-12-15,0,26,,131072,,,,,22957,,,,,0,0,,,,False,False,False
2013-12-16,0,23,,0,,,,,22981,,,,,0,0,,,,False,False,False
2013-12-17,0,25,,0,,,,,23005,,,,,0,0,,,,False,False,False
2013-12-18,0,23,,0,,,,,23029,,,,,0,0,,,,False,False,False
2013-12-19,0,26,,0,,,,,23053,,,,,0,0,,,,False,False,False
2013-12-20,0,26,,0,,,,,23077,,,,,0,0,,,,False,False,False
2013-12-21,0,24,,0,,,,,23101,,,,,0,0,,,,False,False,False
2013-12-22,0,28,,0,,,,,23125,,,,,0,0,,,,False,False,False
2013-12-23,0,23,,0,,,,,23149,,,,,0,0,,,,False,False,False
2013-12-24,0,25,,0,,,,,23173,,,,,0,0,,,,False,False,False
2013-12-25,0,27,,0,,,,,23197,,,,,0,0,,,,False,False,False
2013-12-26,0,26,,0,,,,,23221,,,,,0,0,,,,False,False,False
2013-12-27,0,26,,0,,,,,23245,,,,,0,0,,,,False,False,False
2013-12-28,0,24,,0,,,,,23269,,,,,0,0,,,,False,False,False
2013-12-29,0,26,,0,,,,,23293,,,,,0,0,,,,False,False,False
2013-12-30,0,25,,0,,,,,23317,,,,,0,0,,,,False,False,False
2013-12-31,0,26,,0,,,,,23341,,,,,0,0,,,,False,False,False
2014-01-01,0,28,,0,,,,,23365,,,,,0,0,,,,False,False,False
2014-01-02,0,26,,0,,,,,23389,,,,,0,0,,,,False,False,False
2014-01-03,0,26,,0,,,,,23413,,,,,0,0,,,,False,False,False
2014-01-04,0,26,,0,,,,,23437,,,,,0,0,,,,False,False,False
2014-01-05,0,25,,0,,,,,23461,,,,,0,0,,,,False,False,False
2014-01-06,0,27,,2,,,,,23485,,,,,0,0,,,,False,False,False
2014-01-07,0,26,,0,,,,,23509,,,,,0,0,,,,False,False,False
2014-01-08,0,26,,0,,,,,23533,,,,,0,0,,,,False,False,False
2014-01-09,0,26,,0,,,,,23557,,,,,0,0,,,,False,False,False
2014-01-10,0,26,,0,,,,,23581,,,,,0,0,,,,False,False,False
2014-01-11,0,26,,0,,,,,23605,,,,,0,0,,,,False,False,False
2014-01-12,0,26,,0,,,,,23629,,,,,0,0,,,,False,False,False
2014-01-13,0,25,,0,,,,,23653,,,,,0,0,,,,False,False,False
2014-01-14,0,26,,0,,,,,23677,,,,,0,0,,,,False,False,False
2014-01-15,0,26,,0,,,,,23701,,,,,0,0,,,,False,False,False
2014-01-16,0,25,,0,,,,,23725,,,,,0,0,,,,False,False,False
2014-01-17,0,26,,0,,,,,23749,,,,,0,0,,,,False,False,False
2014-01-18,0,26,,0,,,,,23773,,,,,0,0,,,,False,False,False
2014-01-19,0,26,,0,,,,,23797,,,,,0,0,,,,False,False,False
2014-01-20,0,27,,0,,,,,23821,,,,,0,0,,,,False,False,False
2014-01-21,0,27,,0,,,,,23845,,,,,0,0,,,,False,False,False
2014-01-22,0,26,,0,,,,,23869,,,,,0,0,,,,False,False,False
2014-01-23,0,26,,0,,,,,23893,,,,,0,0,,,,False,False,False
2014-01-24,0,26,,0,,,,,23917,,,,,0,0,,,,False,False,False
2014-01-25,0,25,,0,,,,,23941,,,,,0,0,,,,False,False,False
2014-01-26,0,25,,0,,,,,23965,,,,,0,0,,,,False,False,False
2014-01-27,0,25,,0,,,,,23989,,,,,0,0,,,,False,False,False
2014-01-28,0,27,,0,,,,,24013,,,,,0,0,,,,False,False,False
2014-01-29,0,28,,0,,,,,24037,,,,,0,0,,,,False,False,False
2014-01-30,0,26,,0,,,,,24061,,,,,0,0,,,,False,False,False
2014-01-31,0,26,,0,,,,,24085,,,,,0,0,,,,False,False,False
2014-02-01,0,29,,0,,,,,24109,,,,,0,0,,,,False,False,False
2014-02-02,0,27,,0,,,,,24133,,,,,0,0,,,,False,False,False
2014-02-03,0,29,,0,,,,,24157,,,,,0,0,,,,False,False,False
2014-02-04,0,28,,0,,,,,24181,,,,,0,0,,,,False,False,False
2014-02-05,0,27,,0,,,,,24205,,,,,0,0,,,,False,False,False
2014-02-06,0,29,,0,,,,,24229,,,,,0,0,,,,False,False,False
2014-02-07,0,28,,0,,,,,24253,,,,,0,0,,,,False,False,False
2014-02-08,0,26,,0,,,,,24277,,,,,0,0,,,,False,False,False
2014-02-09,0,26,,0,,,,,24301,,,,,0,0,,,,False,False,False
2014-02-10,0,26,,0,,,,,24325,,,,,0,0,,,,False,False,False
2014-02-11,0,26,,0,,,,,24349,,,,,0,0,,,,False,False,False
2014-02-12,0,26,,0,,,,,24373,,,,,0,0,,,,False,False,False
2014-02-13,0,26,,0,,,,,24397,,,,,0,0,,,,False,False,False
2014-02-14,0,26,0,0,22,22,0,439,24421,0,0,439,630,0,0,0,0,0,False,False,False
2014-02-15,0,26,0,0,22,22,0,439,24445,0,0,439,630,0,0,0,0,0,False,False,False
2014-02-16,0,26,0,0,22,22,0,440,24468,0,0,440,630,0,0,0,0,0,False,False,False
2014-02-17,0,25,0,0,22,22,0,441,24492,0,0,441,630,0,0,0,0,0,False,False,False
2014-02-18,0,28,0,0,22,22,0,442,24517,0,0,442,630,0,0,0,0,0,False,False,False
2014-02-19,0,27,0,0,22,22,0,443,24541,0,0,443,630,0,0,0,0,0,False,False,False
2014-02-20,0,26,0,0,22,22,0,443,24564,0,0,443,630,0,0,0,0,0,False,False,False
2014-02-21,0,26,0,0,22,22,0,444,24589,0,0,444,630,0,0,0,0,0,False,False,False
2014-02-22,0,27,0,0,22,22,0,445,24613,0,0,445,630,0,0,0,0,0,False,False,False
2014-02-23,0,26,0,0,22,22,0,446,24636,0,0,446,630,0,0,0,0,0,False,False,False
2014-02-24,0,26,0,0,22,22,0,447,24660,0,0,447,630,0,0,0,0,0,False,False,False
2014-02-25,0,25,0,0,22,22,0,448,24685,0,0,448,630,0,0,0,0,0,False,False,False
2014-02-26,0,26,0,0,22,22,0,448,24708,0,0,448,630,0,0,0,0,0,False,False,False
2014-02-27,0,26,0,0,22,22,0,449,24732,0,0,449,630,0,0,0,0,0,False,False,False
2014-02-28,0,26,0,0,22,22,0,450,24757,0,0,450,630,0,0,0,0,0,False,False,False
2014-03-01,0,27,0,0,22,22,0,450,24780,0,0,450,630,0,0,0,0,0,False,False,False
2014-03-02,0,26,0,0,22,22,0,450,24804,0,0,450,630,0,0,0,0,0,False,False,False
2014-03-03,0,26,0,65536,22,22,0,451,24829,0,0,451,630,0,0,0,0,0,False,False,False
2014-03-04,0,26,0,0,22,22,0,452,24853,0,0,452,630,0,0,0,0,0,False,False,False
2014-03-05,0,26,0,0,22,22,0,453,24876,0,0,453,630,0,0,0,0,0,False,False,False
2014-03-06,0,25,0,0,22,22,0,454,24901,0,0,454,630,0,0,0,0,0,False,False,False
2014-03-07,0,26,0,1,22,22,0,454,24925,0,0,454,630,0,0,0,0,0,False,False,False
2014-03-08,0,26,0,65537,22,22,0,455,24948,0,0,455,630,0,0,0,0,0,False,False,False
2014-03-09,0,26,0,0,22,22,0,456,24972,0,0,456,630,0,0,0,0,0,False,False,False
2014-03-10,0,26,0,0,22,22,0,456,24997,0,0,456,630,0,0,0,0,0,False,False,False
2014-03-11,0,27,0,0,22,22,0,456,25020,0,0,456,630,0,0,0,0,0,False,False,False
2014-03-12,0,26,0,0,22,22,0,457,25043,0,0,457,630,0,0,0,0,0,False,False,False
2014-03-13,0,26,0,65536,22,22,0,457,25067,0,0,457,630,0,0,0,0,0,False,False,False
2014-03-14,0,26,0,0,22,22,0,458,25092,0,0,458,630,0,0,0,0,0,False,False,False
2014-03-15,0,26,0,65536,22,22,0,459,25116,0,0,459,630,0,0,0,0,0,False,False,False
2014-03-16,0,26,0,0,22,22,0,459,25139,0,0,459,630,0,0,0,0,0,False,False,False
2014-03-17,0,26,0,0,22,22,0,460,25164,0,0,460,630,0,0,0,0,0,False,False,False
2014-03-18,0,26,0,0,22,22,0,461,25188,0,0,461,630,0,0,0,0,0,False,False,False
2014-03-19,0,26,0,65536,22,22,0,461,25211,0,0,461,630,0,0,0,0,0,False,False,False
2014-03-20,0,25,0,0,22,22,0,462,25236,0,0,462,630,0,0,0,0,0,False,False,False
2014-03-21,0,26,0,0,22,22,0,463,25260,0,0,463,630,0,0,0,0,0,False,False,False
2014-03-22,0,25,0,65536,22,22,0,464,25283,0,0,464,630,0,0,0,0,0,False,False,False
2014-03-23,0,26,0,0,22,22,0,465,25307,0,0,465,630,0,0,0,0,0,False,False,False
2014-03-24,0,26,0,1,22,22,0,466,25332,0,0,466,630,0,0,0,0,0,False,False,False
2014-03-25,0,25,0,1,22,22,0,466,25355,0,0,466,630,0,0,0,0,0,False,False,False
2014-03-26,0,26,0,0,23,23,0,468,25379,0,0,468,630,0,0,0,0,0,False,False,False
2014-03-27,0,27,0,8,23,23,0,469,25403,0,0,469,630,0,0,0,0,0,False,False,False
2014-03-28,0,26,0,1,23,23,0,470,25427,0,0,470,630,0,0,0,0,0,False,False,False
2014-03-29,0,26,0,0,23,23,0,471,25451,0,0,471,630,0,0,0,0,0,False,False,False
2014-03-30,0,27,0,0,23,23,0,472,25475,0,0,472,630,0,0,0,0,0,False,False,False
2014-03-31,0,27,0,0,23,23,0,472,25499,0,0,472,630,0,0,0,0,0,False,False,False
2014-04-01,0,26,0,0,23,23,0,473,25523,0,0,473,630,0,0,0,0,0,False,False,False
2014-04-02,0,27,0,0,23,23,0,474,25547,0,0,474,630,0,0,0,0,0,False,False,False
2014-04-03,0,27,0,0,23,23,0,475,25571,0,0,475,630,0,0,0,0,0,False,False,False
2014-04-04,0,27,0,0,23,23,0,475,25595,0,0,475,630,0,0,0,0,0,False,False,False
2014-04-05,0,27,0,0,23,23,0,475,25619,0,0,475,630,0,0,0,0,0,False,False,False
2014-04-06,0,26,0,0,23,23,0,476,25643,0,0,476,630,0,0,0,0,0,False,False,False
2014-04-07,0,26,0,65536,23,23,0,476,25667,0,0,476,630,0,0,0,0,0,False,False,False
2014-04-08,0,26,0,0,23,23,0,477,25691,0,0,477,630,0,0,0,0,0,False,False,False
2014-04-09,0,26,0,0,23,23,0,478,25715,0,0,478,630,0,0,0,0,0,False,False,False
2014-04-10,0,26,0,0,23,23,0,479,25739,0,0,479,630,0,0,0,0,0,False,False,False
2014-04-11,0,26,0,0,23,23,0,479,25763,0,0,479,630,0,0,0,0,0,False,False,False
2014-04-12,0,26,0,0,23,23,0,480,25787,0,0,480,630,0,0,0,0,0,False,False,False
2014-04-13,0,26,0,0,23,23,0,481,25811,0,0,481,630,0,0,0,0,0,False,False,False
2014-04-14,0,26,0,0,23,23,0,482,25835,0,0,482,630,0,0,0,0,0,False,False,False
2014-04-15,0,27,0,0,23,23,0,482,25859,0,0,482,630,0,0,0,0,0,False,False,False
2014-04-16,0,25,0,0,23,23,0,483,25883,0,0,483,630,0,0,0,0,0,False,False,False
2014-04-17,0,26,0,0,23,23,0,484,25907,0,0,484,630,0,0,0,0,0,False,False,False
2014-04-18,0,26,0,0,23,23,0,485,25931,0,0,485,630,0,0,0,0,0,False,False,False
2014-04-19,0,25,0,393216,23,23,0,486,25955,0,0,486,630,0,0,0,0,0,False,False,False
2014-04-20,0,25,0,0,23,23,0,486,25979,0,0,486,630,0,0,0,0,0,False,False,False
2014-04-21,0,26,0,0,23,23,0,487,26003,0,0,487,630,0,0,0,0,0,False,False,False
2014-04-22,0,26,0,0,23,23,0,487,26027,0,0,487,630,0,0,0,0,0,False,False,False
2014-04-23,0,26,0,1,23,23,0,488,26051,0,0,488,630,0,0,0,0,0,False,False,False
2014-04-24,0,25,0,0,23,23,0,489,26075,0,0,489,630,0,0,0,0,0,False,False,False
2014-04-25,0,27,0,0,23,23,0,489,26099,0,0,489,630,0,0,0,0,0,False,False,False
2014-04-26,0,25,0,0,23,23,0,490,26123,0,0,490,630,0,0,0,0,0,False,False,False
2014-04-27,0,26,0,0,23,23,0,491,26147,0,0,491,630,0,0,0,0,0,False,False,False
2014-04-28,0,26,0,0,23,23,0,491,26171,0,0,491,630,0,0,0,0,0,False,False,False
2014-04-29,0,26,0,0,23,23,0,492,26195,0,0,492,630,0,0,0,0,0,False,False,False
2014-04-30,0,25,0,0,23,23,0,493,26219,0,0,493,630,0,0,0,0,0,False,False,False
2014-05-01,0,27,0,0,23,23,0,494,26243,0,0,494,630,0,0,0,0,0,False,False,False
2014-05-02,0,26,0,0,23,23,0,495,26267,0,0,495,630,0,0,0,0,0,False,False,False
2014-05-03,0,26,0,0,23,23,0,496,26291,0,0,496,630,0,0,0,0,0,False,False,False
2014-05-04,0,26,0,65536,23,23,0,497,26315,0,0,497,630,0,0,0,0,0,False,False,False
2014-05-05,0,26,0,0,23,23,0,497,26339,0,0,497,630,0,0,0,0,0,False,False,False
2014-05-06,0,25,0,0,23,23,0,498,26363,0,0,498,630,0,0,0,0,0,False,False,False
2014-05-07,0,25,0,0,23,23,0,498,26387,0,0,498,630,0,0,0,0,0,False,False,False
2014-05-08,0,25,0,0,23,23,0,498,26411,0,0,498,630,0,0,0,0,0,False,False,False
2014-05-09,0,26,0,0,23,23,0,499,26435,0,0,499,630,0,0,0,0,0,False,False,False
2014-05-10,0,25,0,0,23,23,0,500,26459,0,0,500,630,0,0,0,0,0,False,False,False
2014-05-11,0,25,0,0,23,23,0,501,26483,0,0,501,630,0,0,0,0,0,False,False,False
2014-05-12,0,26,0,0,23,23,0,502,26507,0,0,502,630,0,0,0,0,0,False,False,False
2014-05-13,0,25,0,0,23,23,0,503,26531,0,0,503,630,0,0,0,0,0,False,False,False
2014-05-14,0,25,0,65536,23,23,0,504,26555,0,0,504,630,0,0,0,0,0,False,False,False
2014-05-15,0,25,0,0,23,23,0,505,26579,0,0,505,630,0,0,0,0,0,False,False,False
2014-05-16,0,25,0,0,23,23,0,505,26603,0,0,505,630,0,0,0,0,0,False,False,False
2014-05-17,0,25,0,0,23,23,0,506,26627,0,0,506,630,0,0,0,0,0,False,False,False
2014-05-18,0,25,0,0,23,23,0,507,26651,0,0,507,630,0,0,0,0,0,False,False,False
2014-05-19,0,25,0,0,23,23,0,508,26675,0,0,508,630,0,0,0,0,0,False,False,False
2014-05-20,0,24,0,0,23,23,0,509,26699,0,0,509,630,0,0,0,0,0,False,False,False
2014-05-21,0,25,0,0,23,23,0,510,26723,0,0,510,630,0,0,0,0,0,False,False,False
2014-05-22,0,25,0,1,23,23,0,510,26747,0,0,510,630,0,0,0,0,0,False,False,False
2014-05-23,0,25,0,0,23,23,0,511,26771,0,0,511,630,0,0,0,0,0,False,False,False
2014-05-24,0,24,0,0,23,23,0,512,26795,0,0,512,630,0,0,0,0,0,False,False,False
2014-05-25,0,25,0,0,23,23,0,512,26819,0,0,512,630,0,0,0,0,0,False,False,False
2014-05-26,0,25,0,0,23,23,0,513,26843,0,0,513,630,0,0,0,0,0,False,False,False
2014-05-27,0,25,0,0,23,23,0,514,26867,0,0,514,630,0,0,0,0,0,False,False,False
2014-05-28,0,25,0,0,23,23,0,515,26891,0,0,515,630,0,0,0,0,0,False,False,False
2014-05-29,0,25,0,0,23,23,0,516,26915,0,0,516,630,0,0,0,0,0,False,False,False
2014-05-30,0,25,0,0,23,23,0,516,26939,0,0,516,630,0,0,0,0,0,False,False,False
2014-05-31,0,24,0,0,23,23,0,517,26963,0,0,517,630,0,0,0,0,0,False,False,False
2014-06-01,0,25,0,0,23,23,0,518,26987,0,0,518,630,0,0,0,0,0,False,False,False
2014-06-02,0,24,0,0,23,23,0,519,27011,0,0,519,630,0,0,0,0,0,False,False,False
2014-06-03,0,25,0,0,23,23,0,520,27035,0,0,520,630,0,0,0,0,0,False,False,False
2014-06-04,0,25,0,0,23,23,0,520,27059,0,0,520,630,0,0,0,0,0,False,False,False
2014-06-05,0,24,0,0,23,23,0,521,27083,0,0,521,630,0,0,0,0,0,False,False,False
2014-06-06,0,24,0,0,23,23,0,522,27107,0,0,522,630,0,0,0,0,0,False,False,False
2014-06-07,0,25,0,0,23,23,0,523,27131,0,0,523,630,0,0,0,0,0,False,False,False
2014-06-08,0,25,0,0,23,23,0,524,27155,0,0,524,630,0,0,0,0,0,False,False,False
2014-06-09,0,24,0,0,23,23,0,525,27179,0,0,525,630,0,0,0,0,0,False,False,False
2014-06-10,0,25,0,0,23,23,0,526,27203,0,0,526,630,0,0,0,0,0,False,False,False
2014-06-11,0,25,0,0,23,23,0,526,27227,0,0,526,630,0,0,0,0,0,False,False,False
2014-06-12,0,25,0,0,23,23,0,527,27251,0,0,527,630,0,0,0,0,0,False,False,False
2014-06-13,0,24,0,0,23,23,0,528,27275,0,0,528,630,0,0,0,0,0,False,False,False
2014-06-14,0,25,0,0,23,23,0,528,27299,0,0,528,630,0,0,0,0,0,False,False,False
2014-06-15,0,25,0,0,23,23,0,529,27323,0,0,529,630,0,0,0,0,0,False,False,False
2014-06-16,0,25,0,0,23,23,0,530,27347,0,0,530,630,0,0,0,0,0,False,False,False
2014-06-17,0,25,0,0,23,23,0,530,27371,0,0,530,630,0,0,0,0,0,False,False,False
2014-06-18,0,25,0,0,23,23,0,531,27395,0,0,531,630,0,0,0,0,0,False,False,False
2014-06-19,0,24,0,0,23,23,0,532,27419,0,0,532,630,0,0,0,0,0,False,False,False
2014-06-20,0,25,0,0,23,23,0,532,27443,0,0,532,630,0,0,0,0,0,False,False,False
2014-06-21,0,25,0,0,23,23,0,533,27467,0,0,533,630,0,0,0,0,0,False,False,False
2014-06-22,0,25,0,0,23,23,0,534,27491,0,0,534,630,0,0,0,0,0,False,False,False
2014-06-23,0,25,0,0,23,23,0,535,27515,0,0,535,630,0,0,0,0,0,False,False,False
2014-06-24,0,25,0,0,23,23,0,536,27539,0,0,536,630,0,0,0,0,0,False,False,False
2014-06-25,0,25,0,0,23,23,0,536,27563,0,0,536,630,0,0,0,0,0,False,False,False
2014-06-26,0,25,0,0,23,23,0,537,27587,0,0,537,630,0,0,0,0,0,False,False,False
2014-06-27,0,25,0,0,23,23,0,538,27611,0,0,538,630,0,0,0,0,0,False,False,False
2014-06-28,0,25,0,1,23,23,0,539,27635,0,0,539,630,0,0,0,0,0,False,False,False
2014-06-29,0,25,0,0,23,23,0,540,27659,0,0,540,630,0,0,0,0,0,False,False,False
2014-06-30,0,25,0,0,23,23,0,540,27683,0,0,540,630,0,0,0,0,0,False,False,False
2014-07-01,0,25,0,0,23,23,0,541,27707,0,0,541,630,0,0,0,0,0,False,False,False
2014-07-02,0,26,0,0,23,23,0,541,27731,0,0,541,630,0,0,0,0,0,False,False,False
2014-07-03,0,25,0,0,23,23,0,541,27755,0,0,541,630,0,0,0,0,0,False,False,False
2014-07-04,0,25,0,0,23,23,0,542,27779,0,0,542,630,0,0,0,0,0,False,False,False
2014-07-05,0,25,0,0,23,23,0,543,27803,0,0,543,630,0,0,0,0,0,False,False,False
2014-07-06,0,25,0,0,23,23,0,544,27827,0,0,544,630,0,0,0,0,0,False,False,False
2014-07-07,0,25,0,0,23,23,0,544,27851,0,0,544,630,0,0,0,0,0,False,False,False
2014-07-08,0,25,0,0,23,23,0,545,27875,0,0,545,630,0,0,0,0,0,False,False,False
2014-07-09,0,26,0,0,23,23,0,545,27899,0,0,545,630,0,0,0,0,0,False,False,False
2014-07-10,0,25,0,0,23,23,0,546,27923,0,0,546,630,0,0,0,0,0,False,False,False
2014-07-11,0,25,0,0,23,23,0,546,27947,0,0,546,630,0,0,0,0,0,False,False,False
2014-07-12,0,26,0,0,23,23,0,547,27971,0,0,547,630,0,0,0,0,0,False,False,False
2014-07-13,0,26,0,0,23,23,0,547,27995,0,0,547,630,0,0,0,0,0,False,False,False
2014-07-14,0,26,0,65536,23,23,0,548,28019,0,0,548,630,0,0,0,0,0,False,False,False
2014-07-15,0,25,0,0,23,23,0,549,28043,0,0,549,630,0,0,0,0,0,False,False,False
2014-07-16,0,25,0,0,23,23,0,550,28067,0,0,550,630,0,0,0,0,0,False,False,False
2014-07-17,0,26,0,0,23,23,0,550,28091,0,0,550,630,0,0,0,0,0,False,False,False
2014-07-18,0,26,0,0,23,23,0,551,28115,0,0,551,630,0,0,0,0,0,False,False,False
2014-07-19,0,26,0,0,23,23,0,552,28139,0,0,552,630,0,0,0,0,0,False,False,False
2014-07-20,0,26,0,0,23,23,0,552,28163,0,0,552,630,0,0,0,0,0,False,False,False
2014-07-21,0,26,0,0,23,23,0,553,28187,0,0,553,630,0,0,0,0,0,False,False,False
2014-07-22,0,26,0,0,23,23,0,554,28211,0,0,554,630,0,0,0,0,0,False,False,False
2014-07-23,0,26,0,0,23,23,0,555,28235,0,0,555,630,0,0,0,0,0,False,False,False
2014-07-24,0,26,0,0,23,23,0,556,28259,0,0,556,630,0,0,0,0,0,False,False,False
2014-07-25,0,26,0,0,23,23,0,557,28283,0,0,557,630,0,0,0,0,0,False,False,False
2014-07-26,0,25,0,0,23,23,0,558,28307,0,0,558,630,0,0,0,0,0,False,False,False
2014-07-27,0,26,0,0,23,23,0,559,28331,0,0,559,630,0,0,0,0,0,False,False,False
2014-07-28,0,25,0,0,23,23,0,559,28355,0,0,559,630,0,0,0,0,0,False,False,False
2014-07-29,0,25,0,0,23,23,0,560,28379,0,0,560,630,0,0,0,0,0,False,False,False
2014-07-30,0,25,0,0,23,23,0,561,28403,0,0,561,630,0,0,0,0,0,False,False,False
2014-07-31,0,26,0,0,23,23,0,562,28427,0,0,562,630,0,0,0,0,0,False,False,False
2014-08-01,0,25,0,0,23,23,0,563,28451,0,0,563,630,0,0,0,0,0,False,False,False
2014-08-02,0,25,0,0,23,23,0,564,28475,0,0,564,630,0,0,0,0,0,False,False,False
2014-08-03,0,25,0,0,23,23,0,564,28499,0,0,564,630,0,0,0,0,0,False,False,False
2014-08-04,0,25,0,0,23,23,0,565,28523,0,0,565,630,0,0,0,0,0,False,False,False
2014-08-05,0,25,0,0,23,23,0,566,28547,0,0,566,630,0,0,0,0,0,False,False,False
2014-08-06,0,25,0,0,23,23,0,567,28571,0,0,567,630,0,0,0,0,0,False,False,False
2014-08-07,0,25,0,0,23,23,0,567,28595,0,0,567,630,0,0,0,0,0,False,False,False
2014-08-08,0,25,0,0,23,23,0,568,28619,0,0,568,630,0,0,0,0,0,False,False,False
2014-08-09,0,25,0,0,24,24,0,570,28643,0,0,570,630,0,0,0,0,0,False,False,False
2014-08-10,0,25,0,0,24,24,0,570,28667,0,0,570,630,0,0,0,0,0,False,False,False
2014-08-11,0,25,0,0,24,24,0,570,28691,0,0,570,630,0,0,0,0,0,False,False,False
2014-08-12,0,25,0,0,25,25,0,571,28715,0,0,571,630,0,0,0,0,0,False,False,False
2014-08-13,0,25,0,0,25,25,0,572,28739,0,0,572,630,0,0,0,0,0,False,False,False
2014-08-14,0,26,0,0,25,25,0,573,28763,0,0,573,630,0,0,0,0,0,False,False,False
2014-08-15,0,25,0,0,25,25,0,573,28787,0,0,573,630,0,0,0,0,0,False,False,False
2014-08-16,0,26,0,0,25,25,0,574,28811,0,0,574,630,0,0,0,0,0,False,False,False
2014-08-17,0,26,0,0,25,25,0,575,28835,0,0,575,630,0,0,0,0,0,False,False,False
2014-08-18,0,26,0,0,25,25,0,575,28859,0,0,575,630,0,0,0,0,0,False,False,False
2014-08-19,0,26,0,0,25,25,0,576,28883,0,0,576,630,0,0,0,0,0,False,False,False
2014-08-20,0,27,0,0,25,25,0,577,28907,0,0,577,630,0,0,0,0,0,False,False,False
2014-08-21,0,25,0,0,25,25,0,577,28931,0,0,577,630,0,0,0,0,0,False,False,False
2014-08-22,0,26,0,0,25,25,0,578,28955,0,0,578,630,0,0,0,0,0,False,False,False
2014-08-23,0,27,0,0,25,25,0,579,28979,0,0,579,630,0,0,0,0,0,False,False,False
2014-08-24,0,30,0,0,25,25,0,580,29003,0,0,580,630,0,0,0,0,0,False,False,False
2014-08-25,0,28,0,0,25,25,0,581,29027,0,0,581,630,0,0,0,0,0,False,False,False
2014-08-26,0,29,0,0,25,25,0,582,29051,0,0,582,630,0,0,0,0,0,False,False,False
2014-08-27,0,27,0,0,25,25,0,583,29075,0,0,583,630,0,0,0,0,0,False,False,False
2014-08-28,0,29,0,0,25,25,0,584,29099,0,0,584,630,0,0,0,0,0,False,False,False
2014-08-29,0,27,0,0,25,25,0,584,29123,0,0,584,630,0,0,0,0,0,False,False,False
2014-08-30,0,27,0,0,25,25,0,585,29147,0,0,585,630,0,0,0,0,0,False,False,False
2014-08-31,0,28,0,0,25,25,0,586,29171,0,0,586,630,0,0,0,0,0,False,False,False
2014-09-01,0,29,0,0,25,25,0,586,29195,0,0,586,630,0,0,0,0,0,False,False,False
2014-09-02,0,28,0,0,25,25,0,587,29219,0,0,587,630,0,0,0,0,0,False,False,False
2014-09-03,0,29,0,0,25,25,0,588,29243,0,0,588,630,0,0,0,0,0,False,False,False
2014-09-04,0,27,0,0,25,25,0,588,29267,0,0,588,630,0,0,0,0,0,False,False,False
2014-09-05,0,28,0,0,25,25,0,589,29291,0,0,589,630,0,0,0,0,0,False,False,False
2014-09-06,0,27,0,0,25,25,0,590,29315,0,0,590,630,0,0,0,0,0,False,False,False
2014-09-07,0,27,0,0,25,25,0,591,29339,0,0,591,630,0,0,0,0,0,False,False,False
2014-09-08,0,29,0,0,25,25,0,592,29363,0,0,592,630,0,0,0,0,0,False,False,False
2014-09-09,0,28,0,0,25,25,0,593,29387,0,0,593,630,0,0,0,0,0,False,False,False
2014-09-10,0,27,0,0,25,25,0,593,29411,0,0,593,630,0,0,0,0,0,False,False,False
2014-09-11,0,27,0,0,25,25,0,594,29435,0,0,594,630,0,0,0,0,0,False,False,False
2014-09-12,0,28,0,0,25,25,0,595,29459,0,0,595,630,0,0,0,0,0,False,False,False
2014-09-13,0,28,0,0,25,25,0,596,29483,0,0,596,630,0,0,0,0,0,False,False,False
2014-09-14,0,27,0,0,25,25,0,597,29507,0,0,597,630,0,0,0,0,0,False,False,False
2014-09-15,0,27,0,0,25,25,0,598,29531,0,0,598,630,0,0,0,0,0,False,False,False
2014-09-16,0,29,0,0,25,25,0,599,29555,0,0,599,630,0,0,0,0,0,False,False,False
2014-09-17,0,29,0,0,25,25,0,600,29579,0,0,600,630,0,0,0,0,0,False,False,False
2014-09-18,0,27,0,0,25,25,0,600,29603,0,0,600,630,0,0,0,0,0,False,False,False
2014-09-19,0,29,0,0,25,25,0,600,29627,0,0,600,630,0,0,0,0,0,False,False,False
2014-09-20,0,29,0,0,25,25,0,601,29651,0,0,601,630,0,0,0,0,0,False,False,False
2014-09-21,0,27,0,0,25,25,0,601,29675,0,0,601,630,0,0,0,0,0,False,False,False
2014-09-22,0,29,0,0,25,25,0,602,29699,0,0,602,630,0,0,0,0,0,False,False,False
2014-09-23,0,29,0,0,25,25,0,603,29723,0,0,603,630,0,0,0,0,0,False,False,False
2014-09-24,0,28,0,0,25,25,0,604,29747,0,0,604,630,0,0,0,0,0,False,False,False
2014-09-25,0,28,0,0,25,25,0,604,29771,0,0,604,630,0,0,0,0,0,False,False,False
2014-09-26,0,29,0,0,25,25,0,604,29795,0,0,604,630,0,0,0,0,0,False,False,False
2014-09-27,0,30,0,0,25,25,0,605,29819,0,0,605,630,0,0,0,0,0,False,False,False
2014-09-28,0,28,0,0,25,25,0,605,29843,0,0,605,630,0,0,0,0,0,False,False,False
2014-09-29,0,28,0,0,25,25,0,606,29867,0,0,606,630,0,0,0,0,0,False,False,False
2014-09-30,0,29,0,0,25,25,0,606,29891,0,0,606,630,0,0,0,0,0,False,False,False
2014-10-01,0,29,0,0,25,25,0,607,29915,0,0,607,630,0,0,0,0,0,False,False,False
2014-10-02,0,28,0,0,25,25,0,608,29939,0,0,608,630,0,0,0,0,0,False,False,False
2014-10-03,0,29,0,0,25,25,0,608,29963,0,0,608,630,0,0,0,0,0,False,False,False
2014-10-04,0,29,0,0,25,25,0,609,29987,0,0,609,630,0,0,0,0,0,False,False,False
2014-10-05,0,29,0,0,25,25,0,610,30011,0,0,610,630,0,0,0,0,0,False,False,False
2014-10-06,0,30,0,0,25,25,0,610,30035,0,0,610,630,0,0,0,0,0,False,False,False
2014-10-07,0,29,0,0,25,25,0,611,30059,0,0,611,630,0,0,0,0,0,False,False,False
2014-10-08,0,27,0,0,25,25,0,612,30083,0,0,612,630,0,0,0,1,0,False,False,False
2014-10-09,0,30,0,0,25,25,0,612,30107,0,0,612,630,0,0,0,1,0,False,False,False
2014-10-10,0,31,0,0,25,25,0,612,30131,0,0,612,630,0,0,0,1,0,False,False,False
2014-10-11,0,30,0,0,25,25,0,612,30155,0,0,612,630,0,0,0,1,0,False,False,False
2014-10-12,0,31,0,0,25,25,0,612,30179,0,0,612,630,0,0,0,1,0,False,False,False
2014-10-13,0,31,0,0,25,25,0,612,30203,0,0,612,630,0,0,0,1,0,False,False,False
2014-10-14,0,28,0,0,25,25,0,612,30227,0,0,612,630,0,0,0,1,0,False,False,False
2014-10-15,0,28,0,0,25,25,0,612,30251,0,0,612,630,0,0,0,1,0,False,False,False
2014-10-16,0,28,0,0,25,25,0,612,30275,0,0,612,630,0,0,0,1,0,False,False,False
2014-10-17,0,28,0,0,25,25,0,612,30299,0,0,612,630,0,0,0,1,0,False,False,False
2015-03-26,0,27,0,0,30,31,0,715,34137,0,0,715,630,0,0,0,1,0,False,False,False
2015-03-27,0,27,0,0,30,31,0,715,34160,0,0,715,630,0,0,0,1,0,False,False,False
2015-03-28,0,27,0,0,30,31,0,715,34184,0,0,715,630,0,0,0,1,0,False,False,False
2015-03-29,0,27,0,0,30,31,0,716,34209,0,0,716,630,0,0,0,1,0,False,False,False
2015-03-30,0,27,0,0,30,31,0,716,34233,0,0,716,630,0,0,0,1,0,False,False,False
2015-03-31,0,27,0,0,30,31,0,717,34256,0,0,717,630,0,0,0,1,0,False,False,False
2015-04-01,0,27,0,0,30,31,0,718,34281,0,0,718,630,0,0,0,1,0,False,False,False
2015-04-07,0,30,0,0,30,31,0,719,34424,0,0,719,630,0,0,0,1,0,False,False,False
2015-04-08,0,35,0,0,31,32,0,721,34448,0,0,721,630,0,0,0,1,0,False,False,False
2015-04-09,0,27,0,0,31,32,0,722,34473,0,0,722,630,0,0,0,1,0,False,False,False
2015-04-10,0,26,0,0,31,32,0,722,34497,0,0,722,630,0,0,0,1,0,False,False,False
2015-04-11,0,27,0,0,31,32,0,722,34520,0,0,722,630,0,0,0,1,0,False,False,False
2015-04-12,0,28,0,0,31,32,0,722,34545,0,0,722,630,0,0,0,1,0,False,False,False
2015-04-13,0,27,0,0,31,32,0,722,34569,0,0,722,630,0,0,0,1,0,False,False,False
2015-04-14,0,27,0,0,31,32,0,722,34592,0,0,722,630,0,0,0,1,0,False,False,False
2015-04-15,0,27,0,0,31,32,0,723,34617,0,0,723,630,0,0,0,1,0,False,False,False
2015-04-16,0,26,0,0,31,32,0,724,34641,0,0,724,630,0,0,0,1,0,False,False,False
2015-04-17,0,26,0,0,31,32,0,724,34664,0,0,724,630,0,0,0,1,0,False,False,False
2015-04-18,0,27,0,0,31,32,0,724,34689,0,0,724,630,0,0,0,1,0,False,False,False
2015-04-19,0,25,0,0,31,32,0,725,34713,0,0,725,630,0,0,0,1,0,False,False,False
2015-04-20,0,26,0,0,31,32,0,725,34736,0,0,725,630,0,0,0,1,0,False,False,False
2015-04-21,0,27,0,0,31,32,0,725,34760,0,0,725,630,0,0,0,1,0,False,False,False
2015-04-22,0,27,0,0,31,32,0,726,34785,0,0,726,630,0,0,0,1,0,False,False,False
2015-04-23,0,27,0,0,31,32,0,726,34809,0,0,726,630,0,0,0,1,0,False,False,False
2015-04-24,0,27,0,0,31,32,0,726,34832,0,0,726,630,0,0,0,1,0,False,False,False
2015-04-25,0,27,0,0,31,32,0,726,34857,0,0,726,630,0,0,0,1,0,False,False,False
2015-04-26,0,27,0,0,31,32,0,726,34881,0,0,726,630,0,0,0,1,0,False,False,False
2015-04-27,0,27,0,0,31,32,0,726,34904,0,0,726,630,0,0,0,1,0,False,False,False
2015-04-28,0,29,0,0,31,32,0,726,34929,0,0,726,630,0,0,0,1,0,False,False,False
2015-04-29,0,28,0,0,32,33,0,727,34952,0,0,727,630,0,0,0,1,0,False,False,False
2015-04-30,0,29,0,0,32,33,0,727,34976,0,0,727,630,0,0,0,1,0,False,False,False
2015-05-01,0,28,0,0,32,33,0,727,35001,0,0,727,630,0,0,0,1,0,False,False,False
2015-05-02,0,28,0,0,32,33,0,728,35024,0,0,728,630,0,0,0,1,0,False,False,False
2015-05-03,0,28,0,0,32,33,0,728,35048,0,0,728,630,0,0,0,1,0,False,False,False
2015-05-04,0,28,0,0,32,33,0,729,35073,0,0,729,630,0,0,0,1,0,False,False,False
2015-05-05,0,29,0,0,32,33,0,729,35097,0,0,729,630,0,0,0,1,0,False,False,False
2015-05-06,0,28,0,0,32,33,0,729,35120,0,0,729,630,0,0,0,1,0,False,False,False
2015-05-07,0,27,0,0,32,33,0,730,35145,0,0,730,630,0,0,0,1,0,False,False,False
2015-05-08,0,27,0,0,32,33,0,730,35169,0,0,730,630,0,0,0,1,0,False,False,False
2015-05-09,0,27,0,0,32,33,0,730,35192,0,0,730,630,0,0,0,1,0,False,False,False
2015-05-10,0,27,0,0,32,33,0,730,35217,0,0,730,630,0,0,0,1,0,False,False,False
2015-05-11,0,27,0,0,32,33,0,731,35241,0,0,731,630,0,0,0,1,0,False,False,False
2015-05-12,0,27,0,0,32,33,0,732,35264,0,0,732,630,0,0,0,1,0,False,False,False
2015-05-13,0,27,0,0,32,33,0,732,35288,0,0,732,630,0,0,0,1,0,False,False,False
2015-05-14,0,27,0,0,32,33,0,733,35313,0,0,733,630,0,0,0,1,0,False,False,False
2015-05-15,0,26,0,0,32,33,0,733,35337,0,0,733,630,0,0,0,1,0,False,False,False
2015-05-16,0,27,0,0,32,33,0,733,35360,0,0,733,630,0,0,0,1,0,False,False,False
2015-05-17,0,27,0,0,32,33,0,734,35385,0,0,734,630,0,0,0,1,0,False,False,False
2015-05-18,0,26,0,0,32,33,0,735,35409,0,0,735,630,0,0,0,1,0,False,False,False
2015-05-19,0,26,0,0,32,33,0,736,35432,0,0,736,630,0,0,0,1,0,False,False,False
2015-05-20,0,27,0,0,32,33,0,736,35456,0,0,736,630,0,0,0,1,0,False,False,False
2015-05-21,0,27,0,0,32,33,0,736,35481,0,0,736,630,0,0,0,1,0,False,False,False
2015-05-22,0,26,0,0,32,33,0,736,35505,0,0,736,630,0,0,0,1,0,False,False,False
2015-05-23,0,27,0,0,32,33,0,736,35528,0,0,736,630,0,0,0,1,0,False,False,False
2015-05-24,0,26,0,0,32,33,0,737,35553,0,0,737,630,0,0,0,1,0,False,False,False
2015-05-25,0,26,0,0,32,33,0,737,35577,0,0,737,630,0,0,0,1,0,False,False,False
2015-05-26,0,26,0,0,32,33,0,737,35600,0,0,737,630,0,0,0,1,0,False,False,False
2015-05-27,0,26,0,0,32,33,0,738,35625,0,0,738,630,0,0,0,1,0,False,False,False
2015-05-28,0,27,0,0,32,33,0,738,35649,0,0,738,630,0,0,0,1,0,False,False,False
2015-05-29,0,26,0,0,32,33,0,739,35672,0,0,739,630,0,0,0,1,0,False,False,False
2015-05-30,0,26,0,0,32,33,0,739,35696,0,0,739,630,0,0,0,1,0,False,False,False
2015-05-31,0,26,0,0,32,33,0,739,35721,0,0,739,630,0,0,0,1,0,False,False,False
2015-06-01,0,26,0,0,32,33,0,740,35744,0,0,740,630,0,0,0,1,0,False,False,False
2015-06-02,0,26,0,0,32,33,0,740,35768,0,0,740,630,0,0,0,1,0,False,False,False
2015-06-03,0,26,0,0,32,33,0,741,35793,0,0,741,630,0,0,0,1,0,False,False,False
2015-06-04,0,26,0,0,32,33,0,741,35817,0,0,741,630,0,0,0,1,0,False,False,False
2015-06-05,0,26,0,0,32,33,0,742,35840,0,0,742,630,0,0,0,1,0,False,False,False
2015-06-06,0,26,0,0,32,33,0,742,35865,0,0,742,630,0,0,0,1,0,False,False,False
2015-06-07,0,26,0,0,32,33,0,742,35889,0,0,742,630,0,0,0,1,0,False,False,False
2015-06-08,0,27,0,0,32,33,0,742,35912,0,0,742,630,0,0,0,1,0,False,False,False
2015-06-09,0,27,0,0,32,33,0,742,35937,0,0,742,630,0,0,0,1,0,False,False,False
2015-06-10,0,26,0,0,32,33,0,743,35961,0,0,743,630,0,0,0,1,0,False,False,False
2015-06-11,0,26,0,0,32,33,0,743,35984,0,0,743,630,0,0,0,1,0,False,False,False
2015-06-12,0,26,0,0,32,33,0,744,36008,0,0,744,630,0,0,0,1,0,False,False,False
2015-06-13,0,26,0,0,32,33,0,744,36033,0,0,744,630,0,0,0,1,0,False,False,False
2015-06-14,0,26,0,0,32,33,0,745,36057,0,0,745,630,0,0,0,1,0,False,False,False
2015-06-15,0,27,0,0,32,33,0,745,36080,0,0,745,630,0,0,0,1,0,False,False,False
2015-06-16,0,26,0,0,32,33,0,746,36105,0,0,746,630,0,0,0,1,0,False,False,False
2015-06-17,0,26,0,0,32,33,0,747,36129,0,0,747,630,0,0,0,1,0,False,False,False
2015-06-18,0,26,0,0,32,33,0,748,36152,0,0,748,630,0,0,0,1,0,False,False,False
2015-06-19,0,26,0,0,32,33,0,749,36177,0,0,749,630,0,0,0,1,0,False,False,False
2015-06-20,0,26,0,0,32,33,0,750,36201,0,0,750,630,0,0,0,1,0,False,False,False
2015-06-21,0,26,0,0,32,33,0,751,36224,0,0,751,630,0,0,0,1,0,False,False,False
2015-06-22,0,29,0,0,32,33,0,751,36248,0,0,751,630,0,0,0,1,0,False,False,False
2015-06-23,0,29,0,0,32,33,0,751,36273,0,0,751,630,0,0,0,1,0,False,False,False
2015-06-24,0,29,0,0,32,33,0,752,36296,0,0,752,630,0,0,0,1,0,False,False,False
2015-06-25,0,26,0,0,32,33,0,752,36320,0,0,752,630,0,0,0,1,0,False,False,False
2015-06-26,0,26,0,0,32,33,0,753,36345,0,0,753,630,0,0,0,1,0,False,False,False
2015-06-27,0,26,0,0,33,34,0,754,36368,0,0,754,630,0,0,0,1,0,False,False,False
2015-06-28,0,26,0,0,33,34,0,754,36393,0,0,754,630,0,0,0,1,0,False,False,False
2015-06-29,0,26,0,0,33,34,0,754,36416,0,0,754,630,0,0,0,1,0,False,False,False
2015-06-30,0,26,0,0,33,34,0,755,36440,0,0,755,630,0,0,0,1,0,False,False,False
2015-07-01,0,26,0,0,33,34,0,756,36465,0,0,756,630,0,0,0,1,0,False,False,False
2015-07-02,0,26,0,0,33,34,0,756,36488,0,0,756,630,0,0,0,1,0,False,False,False
2015-07-03,0,26,0,0,33,34,0,757,36512,0,0,757,630,0,0,0,1,0,False,False,False
2015-07-04,0,26,0,0,33,34,0,758,36537,0,0,758,630,0,0,0,1,0,False,False,False
2015-07-05,0,26,0,0,33,34,0,758,36561,0,0,758,630,0,0,0,1,0,False,False,False
2015-07-06,0,26,0,0,33,34,0,758,36584,0,0,758,630,0,0,0,1,0,False,False,False
2015-07-07,0,26,0,0,33,34,0,759,36609,0,0,759,630,0,0,0,1,0,False,False,False
2015-07-08,0,25,0,0,33,34,0,759,36633,0,0,759,630,0,0,0,1,0,False,False,False
2015-07-09,0,26,0,0,33,34,0,760,36656,0,0,760,630,0,0,0,1,0,False,False,False
2015-07-10,0,26,0,0,33,34,0,760,36680,0,0,760,630,0,0,0,1,0,False,False,False
2015-07-11,0,26,0,0,33,34,0,761,36704,0,0,761,630,0,0,0,1,0,False,False,False
2015-07-12,0,26,0,0,33,34,0,761,36729,0,0,761,630,0,0,0,1,0,False,False,False
2015-07-13,0,26,0,0,33,34,0,761,36752,0,0,761,630,0,0,0,1,0,False,False,False
2015-07-14,0,26,0,0,33,34,0,762,36776,0,0,762,630,0,0,0,1,0,False,False,False
2015-07-15,0,26,0,0,33,34,0,762,36801,0,0,762,630,0,0,0,1,0,False,False,False
2015-07-16,0,26,0,0,33,34,0,762,36824,0,0,762,630,0,0,0,1,0,False,False,False
2015-07-17,0,26,0,0,33,34,0,763,36848,0,0,763,630,0,0,0,1,0,False,False,False
2015-07-18,0,26,0,0,33,34,0,763,36873,0,0,763,630,0,0,0,1,0,False,False,False
2015-07-19,0,26,0,0,33,34,0,764,36896,0,0,764,630,0,0,0,1,0,False,False,False
2015-07-20,0,27,0,0,33,34,0,764,36920,0,0,764,630,0,0,0,1,0,False,False,False
2015-07-21,0,26,0,0,33,34,0,765,36945,0,0,765,630,0,0,0,1,0,False,False,False
2015-07-22,0,26,0,0,33,34,0,765,36969,0,0,765,630,0,0,0,1,0,False,False,False
2015-07-23,0,25,0,0,33,34,0,765,36992,0,0,765,630,0,0,0,1,0,False,False,False
2015-07-24,0,26,0,0,33,34,0,766,37016,0,0,766,630,0,0,0,1,0,False,False,False
2015-07-25,0,26,0,0,33,34,0,767,37041,0,0,767,630,0,0,0,1,0,False,False,False
2015-07-26,0,25,0,0,33,34,0,767,37065,0,0,767,630,0,0,0,1,0,False,False,False
2015-07-27,0,25,0,0,33,34,0,767,37088,0,0,767,630,0,0,0,1,0,False,False,False
2015-07-28,0,26,0,0,33,34,0,767,37112,0,0,767,630,0,0,0,1,0,False,False,False
2015-07-29,0,25,0,0,33,34,0,768,37137,0,0,768,630,0,0,0,1,0,False,False,False
2015-07-30,0,26,0,0,33,34,0,769,37160,0,0,769,630,0,0,0,1,0,False,False,False
2015-07-31,0,26,0,0,33,34,0,769,37184,0,0,769,630,0,0,0,1,0,False,False,False
2015-08-01,0,25,0,0,33,34,0,770,37209,0,0,770,630,0,0,0,1,0,False,False,False
2015-08-02,0,26,0,0,33,34,0,770,37232,0,0,770,630,0,0,0,1,0,False,False,False
2015-08-03,0,25,0,0,33,34,0,770,37256,0,0,770,630,0,0,0,1,0,False,False,False
2015-08-04,0,26,0,0,33,34,0,771,37281,0,0,771,630,0,0,0,1,0,False,False,False
2015-08-05,0,26,0,0,33,34,0,772,37305,0,0,772,630,0,0,0,1,0,False,False,False
2015-08-06,0,25,0,0,33,34,0,772,37328,0,0,772,630,0,0,0,1,0,False,False,False
2015-08-07,0,26,0,0,33,34,0,773,37352,0,0,773,630,0,0,0,1,0,False,False,False
2015-08-08,0,26,0,0,33,34,0,774,37377,0,0,774,630,0,0,0,1,0,False,False,False
2015-08-09,0,25,0,0,33,34,0,774,37400,0,0,774,630,0,0,0,1,0,False,False,False
2015-08-10,0,27,0,0,33,34,0,775,37424,0,0,775,630,0,0,0,1,0,False,False,False
2015-08-11,0,26,0,0,34,35,0,776,37448,0,0,776,629,0,0,0,1,0,False,False,False
2015-08-12,0,26,0,0,34,35,0,776,37472,0,0,776,629,0,0,0,1,0,False,False,False
2015-08-13,0,25,0,0,34,35,0,777,37497,0,0,777,629,0,0,0,1,0,False,False,False
2015-08-14,0,25,0,0,34,35,0,777,37521,0,0,777,629,0,0,0,1,0,False,False,False
2015-08-15,0,26,0,0,34,35,0,777,37544,0,0,777,629,0,0,0,1,0,False,False,False
2015-08-16,0,26,0,0,34,35,0,778,37568,0,0,778,629,0,0,0,1,0,False,False,False
2015-08-17,0,26,0,0,34,35,0,778,37593,0,0,778,629,0,0,0,1,0,False,False,False
2015-08-18,0,26,0,0,34,35,0,778,37617,0,0,778,629,0,0,0,1,0,False,False,False
2015-08-19,0,26,0,0,34,35,0,779,37640,0,0,779,629,0,0,0,1,0,False,False,False
2015-08-20,0,25,0,0,34,35,0,779,37664,0,0,779,629,0,0,0,1,0,False,False,False
2015-08-21,0,25,0,0,34,35,0,780,37688,0,0,780,629,0,0,0,1,0,False,False,False
2015-08-22,0,26,0,0,34,35,0,780,37712,0,0,780,629,0,0,0,1,0,False,False,False
2015-08-23,0,25,0,0,34,35,0,781,37736,0,0,781,629,0,0,0,1,0,False,False,False
2015-08-24,0,26,0,0,34,35,0,781,37760,0,0,781,629,0,0,0,1,0,False,False,False
2015-08-25,0,26,0,0,34,35,0,781,37785,0,0,781,629,0,0,0,1,0,False,False,False
2015-08-26,0,26,0,0,34,35,0,781,37808,0,0,781,629,0,0,0,1,0,False,False,False
2015-08-27,0,26,0,0,34,35,0,781,37832,0,0,781,629,0,0,0,1,0,False,False,False
2015-08-28,0,26,0,0,34,35,0,782,37857,0,0,782,629,0,0,0,1,0,False,False,False
2015-08-29,0,26,0,0,34,35,0,783,37880,0,0,783,629,0,0,0,1,0,False,False,False
2015-08-30,0,26,0,0,34,35,0,783,37904,0,0,783,629,0,0,0,1,0,False,False,False
2015-08-31,0,26,0,0,34,35,0,783,37929,0,0,783,629,0,0,0,1,0,False,False,False
2015-09-01,0,26,0,0,34,35,0,784,37952,0,0,784,629,0,0,0,1,0,False,False,False
2015-09-02,0,25,0,0,34,35,0,785,37976,0,0,785,629,0,0,0,1,0,False,False,False
2015-09-03,0,25,0,0,34,35,0,785,38000,0,0,785,629,0,0,0,1,0,False,False,False
2015-09-04,0,26,0,0,34,35,0,786,38025,0,0,786,629,0,0,0,1,0,False,False,False
2015-09-05,0,26,0,0,34,35,0,786,38048,0,0,786,629,0,0,0,1,0,False,False,False
2015-09-06,0,26,0,0,34,35,0,786,38072,0,0,786,629,0,0,0,1,0,False,False,False
2015-09-07,0,26,0,0,34,35,0,786,38097,0,0,786,629,0,0,0,1,0,False,False,False
2015-09-08,0,26,0,0,34,35,0,786,38120,0,0,786,629,0,0,0,1,0,False,False,False
2015-09-09,0,25,0,0,34,35,0,787,38144,0,0,787,629,0,0,0,1,0,False,False,False
2015-09-10,0,26,0,0,34,35,0,788,38169,0,0,788,629,0,0,0,1,0,False,False,False
2015-09-11,0,25,0,0,34,35,0,788,38192,0,0,788,629,0,0,0,1,0,False,False,False
2015-09-12,0,25,0,0,34,35,0,789,38216,0,0,789,629,0,0,0,1,0,False,False,False
2015-09-13,0,26,0,0,34,35,0,790,38241,0,0,790,629,0,0,0,1,0,False,False,False
2015-09-14,0,27,0,0,34,35,0,790,38265,0,0,790,629,0,0,0,1,0,False,False,False
2015-09-15,0,25,0,0,34,35,0,791,38288,0,0,791,629,0,0,0,1,0,False,False,False
2015-09-16,0,25,0,0,34,35,0,792,38312,0,0,792,629,0,0,0,1,0,False,False,False
2015-09-17,0,25,0,0,34,35,0,793,38337,0,0,793,629,0,0,0,1,0,False,False,False
2015-09-18,0,25,0,0,34,35,0,793,38360,0,0,793,629,0,0,0,1,0,False,False,False
2015-09-19,0,25,0,0,34,35,0,794,38384,0,0,794,629,0,0,0,1,0,False,False,False
2015-09-20,0,25,0,0,34,35,0,795,38409,0,0,795,629,0,0,0,1,0,False,False,False
2015-09-21,0,27,0,0,34,35,0,795,38432,0,0,795,629,0,0,0,1,0,False,False,False
2015-09-22,0,26,0,0,34,35,0,796,38456,0,0,796,629,0,0,0,1,0,False,False,False
2015-09-23,0,26,0,0,34,35,0,797,38481,0,0,797,629,0,0,0,1,0,False,False,False
2015-09-24,0,26,0,0,34,35,0,798,38504,0,0,798,629,0,0,0,1,0,False,False,False
2015-09-25,0,25,0,0,34,35,0,798,38528,0,0,798,629,0,0,0,1,0,False,False,False
2015-09-26,0,26,0,0,34,35,0,799,38552,0,0,799,629,0,0,0,1,0,False,False,False
2015-09-27,0,26,0,0,34,35,0,800,38577,0,0,800,629,0,0,0,1,0,False,False,False
2015-09-28,0,26,0,0,34,35,0,800,38600,0,0,800,629,0,0,0,1,0,False,False,False
2015-09-29,0,27,0,0,34,35,0,801,38624,0,0,801,629,0,0,0,1,0,False,False,False
2015-09-30,0,26,0,0,34,35,0,802,38649,0,0,802,629,0,0,0,1,0,False,False,False
2015-10-01,0,26,0,0,34,35,0,802,38672,0,0,802,629,0,0,0,1,0,False,False,False
2015-10-02,0,26,0,0,34,35,0,803,38696,0,0,803,629,0,0,0,1,0,False,False,False
2015-10-03,0,25,0,0,34,35,0,803,38720,0,0,803,629,0,0,0,1,0,False,False,False
2015-10-04,0,25,0,0,34,35,0,804,38744,0,0,804,629,0,0,0,1,0,False,False,False
2015-10-05,0,26,0,0,34,35,0,804,38768,0,0,804,629,0,0,0,1,0,False,False,False
2015-10-06,0,26,0,0,34,35,0,804,38793,0,0,804,629,0,0,0,1,0,False,False,False
2015-10-07,0,25,0,0,34,35,0,805,38817,0,0,805,629,0,0,0,1,0,False,False,False
2015-10-08,0,26,0,0,34,35,0,806,38840,0,0,806,629,0,0,0,1,0,False,False,False
2015-10-09,0,27,0,0,34,35,0,806,38864,0,0,806,629,0,0,0,1,0,False,False,False
2015-10-10,0,25,0,0,34,35,0,807,38889,0,0,807,629,0,0,0,1,0,False,False,False
2015-10-11,0,26,0,0,34,35,0,807,38912,0,0,807,629,0,0,0,1,0,False,False,False
2015-10-12,0,25,0,0,34,35,0,807,38936,0,0,807,629,0,0,0,1,0,False,False,False
2015-10-13,0,26,0,0,34,35,0,808,38961,0,0,808,629,0,0,0,1,0,False,False,False
2015-10-14,0,26,0,0,34,35,0,808,38984,0,0,808,629,0,0,0,1,0,False,False,False
2015-10-15,0,27,0,0,34,35,0,809,39008,0,0,809,629,0,0,0,1,0,False,False,False
2015-10-16,0,26,0,0,34,35,0,810,39033,0,0,810,629,0,0,0,1,0,False,False,False
2015-10-17,0,25,0,0,34,35,0,810,39057,0,0,810,629,0,0,0,1,0,False,False,False
2015-10-18,0,26,0,0,34,35,0,811,39080,0,0,811,629,0,0,0,1,0,False,False,False
2015-10-19,0,25,0,0,34,35,0,812,39104,0,0,812,629,0,0,0,1,0,False,False,False
2015-10-20,0,25,0,0,34,35,0,813,39129,0,0,813,629,0,0,0,1,0,False,False,False
2015-10-21,0,26,0,0,34,35,0,813,39152,0,0,813,629,0,0,0,1,0,False,False,False
2015-10-22,0,26,0,0,34,35,0,814,39176,0,0,814,629,0,0,0,1,0,False,False,False
2015-10-23,0,26,0,0,34,35,0,815,39200,0,0,815,629,0,0,0,1,0,False,False,False
2015-10-24,0,26,0,0,34,35,0,815,39225,0,0,815,629,0,0,0,1,0,False,False,False
2015-10-25,0,26,0,0,34,35,0,816,39248,0,0,816,629,0,0,0,1,0,False,False,False
2015-10-26,0,26,0,0,34,35,0,816,39272,0,0,816,629,0,0,0,1,0,False,False,False
2015-10-27,0,26,0,0,34,35,0,817,39297,0,0,817,629,0,0,0,1,0,False,False,False
2015-11-07,0,26,0,0,34,35,0,824,39561,0,0,824,629,0,0,0,1,0,False,False,False
2015-11-08,0,26,0,0,34,35,0,825,39585,0,0,825,629,0,0,0,1,0,False,False,False
2015-11-09,0,25,0,0,34,35,0,825,39609,0,0,825,629,0,0,0,1,0,False,False,False
2015-11-10,0,26,0,0,34,35,0,826,39633,0,0,826,629,0,0,0,1,0,False,False,False
2015-11-11,0,27,0,0,34,35,0,827,39657,0,0,827,629,0,0,0,1,0,False,False,False
2015-11-12,0,28,0,0,34,35,0,828,39682,0,0,828,629,0,0,0,1,0,False,False,False
2015-11-13,0,26,0,0,34,35,0,829,39705,0,0,829,629,0,0,0,1,0,False,False,False
2015-11-14,0,26,0,0,34,35,0,829,39729,0,0,829,629,0,0,0,1,0,False,False,False
2015-11-15,0,25,0,0,34,35,0,830,39754,0,0,830,629,0,0,0,1,0,False,False,False
2015-11-16,0,26,0,0,34,35,0,831,39777,0,0,831,629,0,0,0,1,0,False,False,False
2015-11-17,0,26,0,0,34,35,0,831,39801,0,0,831,629,0,0,0,1,0,False,False,False
2015-11-18,0,29,0,0,34,35,0,831,39826,0,0,831,629,0,0,0,1,0,False,False,False
2015-11-19,0,27,0,0,34,35,0,832,39849,0,0,832,629,0,0,0,1,0,False,False,False
2015-11-20,0,25,0,0,34,35,0,833,39873,0,0,833,629,0,0,0,1,0,False,False,False
2015-11-21,0,25,0,0,34,35,0,834,39897,0,0,834,629,0,0,0,1,0,False,False,False
2015-11-22,0,26,0,0,34,35,0,834,39922,0,0,834,629,0,0,0,1,0,False,False,False
2015-11-23,0,26,0,0,35,36,0,836,39945,0,0,836,629,0,0,0,1,0,False,False,False
2015-11-24,0,26,0,0,35,36,0,836,39969,0,0,836,629,0,0,0,1,0,False,False,False
2015-11-25,0,27,0,0,35,36,0,836,39993,0,0,836,629,0,0,0,1,0,False,False,False
2015-11-26,0,27,0,0,35,36,0,837,40017,0,0,837,629,0,0,0,1,0,False,False,False
2015-11-27,0,25,0,0,35,36,0,837,40041,0,0,837,629,0,0,0,1,0,False,False,False
2015-11-28,0,26,0,0,35,36,0,838,40065,0,0,838,629,0,0,0,1,0,False,False,False
2015-11-29,0,26,0,0,35,36,0,839,40090,0,0,839,629,0,0,0,1,0,False,False,False
2015-11-30,0,26,0,0,35,36,0,840,40113,0,0,840,629,0,0,0,1,0,False,False,False
2015-12-01,0,26,0,0,35,36,0,840,40137,0,0,840,629,0,0,0,1,0,False,False,False
2015-12-02,0,25,0,0,35,36,0,841,40162,0,0,841,629,0,0,0,1,0,False,False,False
2015-12-03,0,25,0,0,35,36,0,842,40185,0,0,842,629,0,0,0,1,0,False,False,False
2015-12-04,0,26,0,0,35,36,0,842,40209,0,0,842,629,0,0,0,1,0,False,False,False
2015-12-05,0,26,0,0,35,36,0,843,40233,0,0,843,629,0,0,0,1,0,False,False,False
2015-12-06,0,25,0,0,35,36,0,843,40257,0,0,843,629,0,0,0,1,0,False,False,False
2015-12-07,0,25,0,0,35,36,0,844,40281,0,0,844,629,0,0,0,1,0,False,False,False
2015-12-08,0,25,0,0,35,36,0,844,40305,0,0,844,629,0,0,0,1,0,False,False,False
2015-12-09,0,25,0,0,35,36,0,844,40329,0,0,844,629,0,0,0,1,0,False,False,False
2015-12-10,0,25,0,0,35,36,0,845,40353,0,0,845,629,0,0,0,1,0,False,False,False
2015-12-11,0,26,0,0,35,36,0,845,40377,0,0,845,629,0,0,0,1,0,False,False,False
2015-12-12,0,26,0,0,35,36,0,846,40401,0,0,846,629,0,0,0,1,0,False,False,False
2015-12-13,0,25,0,0,35,36,0,847,40425,0,0,847,629,0,0,0,1,0,False,False,False
2015-12-14,0,25,0,0,35,36,0,848,40449,0,0,848,629,0,0,0,1,0,False,False,False
2015-12-15,0,25,0,0,35,36,0,848,40473,0,0,848,629,0,0,0,1,0,False,False,False
2015-12-16,0,29,0,0,35,36,0,848,40498,0,0,848,629,0,0,0,1,0,False,False,False
2015-12-17,0,28,0,0,35,36,0,849,40521,0,0,849,629,0,0,0,1,0,False,False,False
2015-12-18,0,28,0,0,35,36,0,849,40545,0,0,849,629,0,0,0,1,0,False,False,False
2015-12-19,0,27,0,0,35,36,0,850,40569,0,0,850,629,0,0,0,1,0,False,False,False
2015-12-20,0,27,0,0,35,36,0,851,40593,0,0,851,629,0,0,0,1,0,False,False,False
2015-12-21,0,25,0,0,35,36,0,851,40617,0,0,851,629,0,0,0,1,0,False,False,False
2015-12-22,0,25,0,0,35,36,0,852,40642,0,0,852,629,0,0,0,1,0,False,False,False
2015-12-23,0,24,0,0,35,36,0,852,40665,0,0,852,629,0,0,0,1,0,False,False,False
2015-12-24,0,27,0,0,35,36,0,853,40689,0,0,853,629,0,0,0,1,0,False,False,False
2015-12-25,0,27,0,0,35,36,0,854,40713,0,0,854,629,0,0,0,1,0,False,False,False
2015-12-26,0,28,0,0,35,36,0,855,40738,0,0,855,629,0,0,0,1,0,False,False,False
2015-12-27,0,29,0,0,35,36,0,856,40761,0,0,856,629,0,0,0,1,0,False,False,False
2015-12-28,0,29,0,0,35,36,0,856,40785,0,0,856,629,0,0,0,1,0,False,False,False
2015-12-29,0,30,0,0,35,36,0,857,40810,0,0,857,629,0,0,0,1,0,False,False,False
2015-12-30,0,28,0,0,35,36,0,857,40833,0,0,857,629,0,0,0,1,0,False,False,False
2015-12-31,0,28,0,0,35,36,0,857,40857,0,0,857,629,0,0,0,1,0,False,False,False
2016-01-01,0,30,0,0,35,36,0,858,40882,0,0,858,629,0,0,0,1,0,False,False,False
2016-01-02,0,30,0,0,35,36,0,859,40905,0,0,859,629,0,0,0,1,0,False,False,False
2016-01-03,0,29,0,0,35,36,0,860,40929,0,0,860,629,0,0,0,1,0,False,False,False
2016-01-04,0,26,0,0,35,36,0,860,40953,0,0,860,629,0,0,0,1,0,False,False,False
2016-01-05,0,25,0,0,35,36,0,861,40977,0,0,861,629,0,0,0,1,0,False,False,False
2016-01-06,0,26,0,0,35,36,0,861,41001,0,0,861,629,0,0,0,1,0,False,False,False
2016-01-07,0,28,0,0,35,36,0,862,41025,0,0,862,629,0,0,0,1,0,False,False,False
2016-01-08,0,27,0,0,35,36,0,863,41050,0,0,863,629,0,0,0,1,0,False,False,False
2016-01-09,0,29,0,0,35,36,0,863,41073,0,0,863,629,0,0,0,1,0,False,False,False
2016-01-10,0,29,0,0,35,36,0,864,41097,0,0,864,629,0,0,0,1,0,False,False,False
2016-01-11,0,28,0,0,35,36,0,865,41122,0,0,865,629,0,0,0,1,0,False,False,False
2016-01-12,0,26,0,0,35,36,0,866,41145,0,0,866,629,0,0,0,1,0,False,False,False
2016-01-13,0,26,0,0,35,36,0,866,41169,0,0,866,629,0,0,0,1,0,False,False,False
2016-01-14,0,26,0,0,35,36,0,867,41194,0,0,867,629,0,0,0,1,0,False,False,False
2016-01-15,0,25,0,0,35,36,0,867,41217,0,0,867,629,0,0,0,1,0,False,False,False
2016-01-16,0,25,0,0,35,36,0,867,41241,0,0,867,629,0,0,0,1,0,False,False,False
2016-01-17,0,26,0,0,35,36,0,868,41265,0,0,868,629,0,0,0,1,0,False,False,False
2016-01-18,0,25,0,0,35,36,0,868,41290,0,0,868,629,0,0,0,1,0,False,False,False
2016-01-19,0,25,0,0,35,36,0,868,41313,0,0,868,629,0,0,0,1,0,False,False,False
2016-01-20,0,25,0,0,35,36,0,868,41337,0,0,868,629,0,0,0,1,0,False,False,False
2016-01-21,0,26,0,0,35,36,0,868,41361,0,0,868,629,0,0,0,1,0,False,False,False
2016-01-22,0,25,0,0,35,36,0,869,41385,0,0,869,629,0,0,0,1,0,False,False,False
2016-01-23,0,26,0,0,35,36,0,870,41409,0,0,870,629,0,0,0,1,0,False,False,False
2016-01-24,0,26,0,0,35,36,0,870,41433,0,0,870,629,0,0,0,1,0,False,False,False
2016-01-25,0,26,0,0,35,36,0,871,41457,0,0,871,629,0,0,0,1,0,False,False,False
2016-01-26,0,26,0,0,35,36,0,872,41481,0,0,872,629,0,0,0,1,0,False,False,False
2016-01-27,0,26,0,0,35,36,0,872,41505,0,0,872,629,0,0,0,1,0,False,False,False
2016-01-28,0,27,0,0,35,36,0,873,41530,0,0,873,629,0,0,0,1,0,False,False,False
2016-01-29,0,25,0,0,35,36,0,874,41553,0,0,874,629,0,0,0,1,0,False,False,False
2016-01-30,0,26,0,0,35,36,0,874,41577,0,0,874,629,0,0,0,1,0,False,False,False
2016-01-31,0,27,0,0,35,36,0,875,41602,0,0,875,629,0,0,0,1,0,False,False,False
2016-02-01,0,25,0,0,35,36,0,876,41625,0,0,876,629,0,0,0,1,0,False,False,False
2016-02-02,0,26,0,0,35,36,0,877,41649,0,0,877,629,0,0,0,1,0,False,False,False
2016-02-03,0,26,0,0,35,36,0,877,41674,0,0,877,629,0,0,0,1,0,False,False,False
2016-02-04,0,26,0,0,35,36,0,877,41697,0,0,877,629,0,0,0,1,0,False,False,False
2016-02-05,0,26,0,0,35,36,0,878,41721,0,0,878,629,0,0,0,1,0,False,False,False
2016-02-06,0,26,0,0,35,36,0,879,41745,0,0,879,629,0,0,0,1,0,False,False,False
2016-02-07,0,27,0,0,35,36,0,880,41769,0,0,880,629,0,0,0,1,0,False,False,False
2016-02-08,0,27,0,0,35,36,0,880,41793,0,0,880,629,0,0,0,1,0,False,False,False
2016-02-09,0,27,0,0,35,36,0,880,41817,0,0,880,629,0,0,0,1,0,False,False,False
2016-02-10,0,26,0,0,35,36,0,881,41842,0,0,881,629,0,0,0,1,0,False,False,False
2016-02-11,0,27,0,0,35,36,0,881,41865,0,0,881,629,0,0,0,1,0,False,False,False
2016-02-12,0,26,0,0,35,36,0,882,41889,0,0,882,629,0,0,0,1,0,False,False,False
2016-02-13,0,27,0,0,35,36,0,882,41914,0,0,882,629,0,0,0,1,0,False,False,False
2016-02-14,0,26,0,0,35,36,0,883,41937,0,0,883,629,0,0,0,1,0,False,False,False
2016-02-15,0,27,0,0,35,36,0,883,41961,0,0,883,629,0,0,0,1,0,False,False,False
2016-02-16,0,26,0,0,35,36,0,884,41985,0,0,884,629,0,0,0,1,0,False,False,False
2016-02-17,0,26,0,0,35,36,0,884,42009,0,0,884,629,0,0,0,1,0,False,False,False
2016-02-18,0,26,0,0,35,36,0,885,42033,0,0,885,629,0,0,0,1,0,False,False,False
2016-02-19,0,27,0,0,35,36,0,885,42057,0,0,885,629,0,0,0,1,0,False,False,False
2016-02-20,0,26,0,0,35,36,0,886,42082,0,0,886,629,0,0,0,1,0,False,False,False
2016-02-21,0,26,0,0,35,36,0,887,42105,0,0,887,629,0,0,0,1,0,False,False,False
2016-02-22,0,26,0,0,35,36,0,887,42129,0,0,887,629,0,0,0,1,0,False,False,False
2016-02-23,0,26,0,0,35,36,0,888,42154,0,0,888,629,0,0,0,1,0,False,False,False
2016-02-24,0,26,0,0,35,36,0,889,42177,0,0,889,629,0,0,0,1,0,False,False,False
2016-02-25,0,25,0,0,35,36,0,889,42201,0,0,889,629,0,0,0,1,0,False,False,False
2016-02-26,0,26,0,0,35,36,0,889,42225,0,0,889,629,0,0,0,1,0,False,False,False
2016-02-27,0,26,0,0,35,36,0,890,42249,0,0,890,629,0,0,0,1,0,False,False,False
2016-02-28,0,26,0,0,35,36,0,890,42273,0,0,890,629,0,0,0,1,0,False,False,False
2016-02-29,0,26,0,0,35,36,0,891,42297,0,0,891,629,0,0,0,1,0,False,False,False
2016-03-01,0,27,0,0,35,36,0,892,42321,0,0,892,629,0,0,0,1,0,False,False,False
2016-03-02,0,27,0,0,35,36,0,892,42345,0,0,892,629,0,0,0,1,0,False,False,False
2016-03-03,0,25,0,0,35,36,0,893,42369,0,0,893,629,0,0,0,1,0,False,False,False
2016-03-04,0,27,0,0,35,36,0,894,42393,0,0,894,629,0,0,0,1,0,False,False,False
2016-03-05,0,27,0,0,35,36,0,895,42417,0,0,895,629,0,0,0,1,0,False,False,False
2016-03-06,0,34,0,0,35,36,0,895,42441,0,0,895,629,0,0,0,1,0,False,False,False
2016-03-07,0,27,0,0,35,36,0,896,42465,0,0,896,629,0,0,0,1,0,False,False,False
2016-03-08,0,27,0,0,35,36,0,897,42489,0,0,897,629,0,0,0,1,0,False,False,False
2016-03-09,0,27,0,0,35,36,0,898,42513,0,0,898,629,0,0,0,1,0,False,False,False
2016-03-10,0,27,0,0,35,36,0,898,42537,0,0,898,629,0,0,0,1,0,False,False,False
2016-03-11,0,27,0,0,35,36,0,899,42561,0,0,899,629,0,0,0,1,0,False,False,False
2016-03-12,0,27,0,0,35,36,0,899,42585,0,0,899,629,0,0,0,1,0,False,False,False
2016-03-13,0,27,0,0,35,36,0,900,42609,0,0,900,629,0,0,0,1,0,False,False,False
2016-03-14,0,27,0,0,35,36,0,900,42634,0,0,900,629,0,0,0,1,0,False,False,False
2016-03-15,0,27,0,0,35,36,0,901,42656,0,0,901,629,0,0,0,1,0,False,False,False
2016-03-16,0,27,0,0,35,36,0,902,42680,0,0,902,629,0,0,0,1,0,False,False,False
2016-03-17,0,26,0,0,35,36,0,902,42704,0,0,902,629,0,0,0,1,0,False,False,False
2016-03-18,0,28,0,0,35,36,0,903,42728,0,0,903,629,0,0,0,1,0,False,False,False
2016-03-19,0,26,0,0,35,36,0,904,42752,0,0,904,629,0,0,0,1,0,False,False,False
2016-03-20,0,27,0,0,35,36,0,905,42776,0,0,905,629,0,0,0,1,0,False,False,False
2016-03-21,0,26,0,0,35,36,0,905,42800,0,0,905,629,0,0,0,1,0,False,False,False
2016-03-22,0,25,0,0,35,36,0,906,42824,0,0,906,629,0,0,0,1,0,False,False,False
2016-03-23,0,26,0,0,35,36,0,907,42848,0,0,907,629,0,0,0,1,0,False,False,False
2016-03-24,0,27,0,0,35,36,0,907,42872,0,0,907,629,0,0,0,1,0,False,False,False
2016-03-25,0,27,0,0,35,36,0,908,42896,0,0,908,629,0,0,0,1,0,False,False,False
2016-03-26,0,28,0,0,35,36,0,908,42920,0,0,908,629,0,0,0,1,0,False,False,False
2016-03-27,0,28,0,0,35,36,0,908,42944,0,0,908,629,0,0,0,1,0,False,False,False
2016-03-28,0,28,0,0,35,36,0,908,42968,0,0,908,629,0,0,0,1,0,False,False,False
2016-03-29,0,28,0,0,35,36,0,909,42992,0,0,909,629,0,0,0,1,0,False,False,False
2016-03-30,0,26,0,0,35,36,0,909,43016,0,0,909,629,0,0,0,1,0,False,False,False
2016-03-31,0,27,0,0,35,36,0,910,43040,0,0,910,629,0,0,0,1,0,False,False,False
2016-04-01,0,27,0,0,35,36,0,911,43064,0,0,911,629,0,0,0,1,0,False,False,False
2016-04-02,0,27,0,0,35,36,0,911,43088,0,0,911,629,0,0,0,1,0,False,False,False
2016-04-03,0,29,0,0,35,36,0,911,43112,0,0,911,629,0,0,0,1,0,False,False,False
2016-04-04,0,26,0,0,35,36,0,912,43136,0,0,912,629,0,0,0,1,0,False,False,False
2016-04-05,0,27,0,0,35,36,0,913,43160,0,0,913,629,0,0,0,1,0,False,False,False
2016-04-06,0,28,0,0,35,36,0,913,43184,0,0,913,629,0,0,0,1,0,False,False,False
2016-04-07,0,28,0,0,35,36,0,914,43209,0,0,914,629,0,0,0,1,0,False,False,False
2016-04-08,0,28,0,0,35,36,0,914,43232,0,0,914,629,0,0,0,1,0,False,False,False
2016-04-09,0,28,0,0,35,36,0,915,43256,0,0,915,629,0,0,0,1,0,False,False,False
2016-04-10,0,28,0,0,35,36,0,916,43280,0,0,916,629,0,0,0,1,0,False,False,False
2016-04-11,0,28,0,0,35,36,0,916,43304,0,0,916,629,0,0,0,1,0,False,False,False
2016-04-12,0,27,0,0,35,36,0,917,43328,0,0,917,629,0,0,0,1,0,False,False,False
2016-04-13,0,26,0,0,35,36,0,917,43352,0,0,917,629,0,0,0,1,0,False,False,False
2016-04-14,0,28,0,0,35,36,0,918,43376,0,0,918,629,0,0,0,1,0,False,False,False
2016-04-15,0,27,0,0,35,36,0,918,43400,0,0,918,629,0,0,0,1,0,False,False,False
2016-04-16,0,27,0,0,35,36,0,919,43424,0,0,919,629,0,0,0,1,0,False,False,False
2016-04-17,0,27,0,0,35,36,0,920,43448,0,0,920,629,0,0,0,1,0,False,False,False
2016-04-18,0,27,0,0,35,36,0,921,43472,0,0,921,629,0,0,0,1,0,False,False,False
2016-04-19,0,28,0,0,35,36,0,921,43496,0,0,921,629,0,0,0,1,0,False,False,False
2016-04-20,0,28,0,0,35,36,0,921,43520,0,0,921,629,0,0,0,1,0,False,False,False
2016-04-21,0,28,0,0,36,37,0,923,43544,0,0,923,629,0,0,0,1,0,False,False,False
2016-04-22,0,29,0,0,36,37,0,924,43568,0,0,924,629,0,0,0,1,0,False,False,False
2016-04-23,0,28,0,0,36,37,0,924,43592,0,0,924,629,0,0,0,1,0,False,False,False
2016-04-24,0,28,0,0,36,37,0,925,43616,0,0,925,629,0,0,0,1,0,False,False,False
2016-04-25,0,28,0,0,36,37,0,926,43640,0,0,926,629,0,0,0,1,0,False,False,False
2016-04-26,0,28,0,0,36,37,0,927,43664,0,0,927,629,0,0,0,1,0,False,False,False
2016-04-27,0,28,0,0,36,37,0,927,43688,0,0,927,629,0,0,0,1,0,False,False,False
2016-04-28,0,28,0,0,36,37,0,928,43712,0,0,928,629,0,0,0,1,0,False,False,False
2016-04-29,0,28,0,0,36,37,0,928,43736,0,0,928,629,0,0,0,1,0,False,False,False
2016-04-30,0,28,0,0,36,37,0,928,43760,0,0,928,629,0,0,0,1,0,False,False,False
2016-05-01,0,27,0,0,36,37,0,929,43784,0,0,929,629,0,0,0,1,0,False,False,False
2016-05-02,0,27,0,0,36,37,0,930,43808,0,0,930,629,0,0,0,1,0,False,False,False
2016-05-03,0,27,0,0,36,37,0,930,43832,0,0,930,629,0,0,0,1,0,False,False,False
2016-05-04,0,28,0,0,36,37,0,931,43856,0,0,931,629,0,0,0,1,0,False,False,False
2016-05-05,0,28,0,0,36,37,0,931,43880,0,0,931,629,0,0,0,1,0,False,False,False
2016-05-06,0,28,0,0,36,37,0,931,43904,0,0,931,629,0,0,0,1,0,False,False,False
2016-05-07,0,27,0,0,36,37,0,932,43928,0,0,932,629,0,0,0,1,0,False,False,False
2016-05-08,0,27,0,0,36,37,0,933,43952,0,0,933,629,0,0,0,1,0,False,False,False
2016-05-09,0,28,0,0,36,37,0,933,43976,0,0,933,629,0,0,0,1,0,False,False,False
2016-05-10,0,28,0,0,36,37,0,933,44000,0,0,933,629,0,0,0,1,0,False,False,False
2016-05-11,0,26,0,0,36,37,0,934,44024,0,0,934,629,0,0,0,1,0,False,False,False
2016-05-12,0,27,0,0,36,37,0,934,44048,0,0,934,629,0,0,0,1,0,False,False,False
2016-05-13,0,27,0,0,36,37,0,935,44072,0,0,935,629,0,0,0,1,0,False,False,False
2016-05-14,0,27,0,0,36,37,0,936,44096,0,0,936,629,0,0,0,1,0,False,False,False
2016-05-15,0,27,0,0,36,37,0,936,44120,0,0,936,629,0,0,0,1,0,False,False,False
2016-05-16,0,27,0,0,36,37,0,937,44144,0,0,937,629,0,0,0,1,0,False,False,False
2016-05-17,0,27,0,0,36,37,0,937,44168,0,0,937,629,0,0,0,1,0,False,False,False
2016-05-18,0,26,0,0,36,37,0,937,44192,0,0,937,629,0,0,0,1,0,False,False,False
2016-05-19,0,27,0,0,36,37,0,938,44216,0,0,938,629,0,0,0,1,0,False,False,False
2016-05-20,0,27,0,0,36,37,0,938,44240,0,0,938,629,0,0,0,1,0,False,False,False
2016-05-21,0,27,0,0,36,37,0,939,44264,0,0,939,629,0,0,0,1,0,False,False,False
2016-05-22,0,27,0,0,36,37,0,940,44288,0,0,940,629,0,0,0,1,0,False,False,False
2016-05-23,0,27,0,0,36,37,0,941,44312,0,0,941,629,0,0,0,1,0,False,False,False
2016-05-24,0,27,0,0,36,37,0,942,44336,0,0,942,629,0,0,0,1,0,False,False,False
2016-05-25,0,27,0,0,36,37,0,942,44360,0,0,942,629,0,0,0,1,0,False,False,False
2016-05-26,0,28,0,0,36,37,0,943,44384,0,0,943,629,0,0,0,1,0,False,False,False
2016-05-27,0,28,0,0,36,37,0,944,44408,0,0,944,629,0,0,0,1,0,False,False,False
2016-05-28,0,28,0,0,36,37,0,944,44432,0,0,944,629,0,0,0,1,0,False,False,False
2016-05-29,0,27,0,0,36,37,0,944,44456,0,0,944,629,0,0,0,1,0,False,False,False
2016-05-30,0,27,0,0,36,37,0,945,44480,0,0,945,629,0,0,0,1,0,False,False,False
2016-05-31,0,27,0,0,36,37,0,946,44504,0,0,946,629,0,0,0,1,0,False,False,False
2016-06-01,0,27,0,0,36,37,0,947,44528,0,0,947,629,0,0,0,1,0,False,False,False
2016-06-02,0,26,0,0,36,37,0,947,44552,0,0,947,629,0,0,0,1,0,False,False,False
2016-06-03,0,27,0,0,36,37,0,948,44576,0,0,948,629,0,0,0,1,0,False,False,False
2016-06-04,0,27,0,0,36,37,0,949,44600,0,0,949,629,0,0,0,1,0,False,False,False
2016-06-05,0,26,0,0,36,37,0,949,44624,0,0,949,629,0,0,0,1,0,False,False,False
2016-06-06,0,27,0,0,36,37,0,949,44648,0,0,949,629,0,0,0,1,0,False,False,False
2016-06-07,0,26,0,0,36,37,0,949,44672,0,0,949,629,0,0,0,1,0,False,False,False
2016-06-08,0,25,0,0,36,37,0,949,44696,0,0,949,629,0,0,0,1,0,False,False,False
2016-06-09,0,25,0,0,36,37,0,950,44720,0,0,950,629,0,0,0,1,0,False,False,False
2016-06-10,0,25,0,0,36,37,0,951,44744,0,0,951,629,0,0,0,1,0,False,False,False
2016-06-11,0,27,0,0,36,37,0,951,44768,0,0,951,629,0,0,0,1,0,False,False,False
2016-06-12,0,25,0,0,36,37,0,952,44792,0,0,952,629,0,0,0,1,0,False,False,False
2016-06-13,0,25,0,0,36,37,0,953,44816,0,0,953,629,0,0,0,1,0,False,False,False
2016-06-14,0,26,0,0,36,37,0,954,44840,0,0,954,629,0,0,0,1,0,False,False,False
2016-06-15,0,25,0,0,36,37,0,954,44864,0,0,954,629,0,0,0,1,0,False,False,False
2016-06-16,0,27,0,0,36,37,0,954,44888,0,0,954,629,0,0,0,1,0,False,False,False
2016-06-17,0,27,0,0,36,37,0,954,44912,0,0,954,629,0,0,0,1,0,False,False,False
2016-06-18,0,26,0,0,36,37,0,954,44936,0,0,954,629,0,0,0,1,0,False,False,False
2016-06-19,0,26,0,0,36,37,0,954,44960,0,0,954,629,0,0,0,1,0,False,False,False
2016-06-20,0,26,0,0,36,37,0,954,44984,0,0,954,629,0,0,0,1,0,False,False,False
2016-06-21,0,25,0,0,36,37,0,954,45008,0,0,954,629,0,0,0,1,0,False,False,False
2016-06-22,0,27,0,0,36,37,0,955,45032,0,0,955,629,0,0,0,1,0,False,False,False
2016-06-23,0,25,0,0,36,37,0,955,45056,0,0,955,629,0,0,0,1,0,False,False,False
2016-06-24,0,26,0,0,36,37,0,955,45080,0,0,955,629,0,0,0,1,0,False,False,False
2016-06-25,0,25,0,0,36,37,0,956,45104,0,0,956,629,0,0,0,1,0,False,False,False
2016-06-26,0,26,0,0,36,37,0,957,45128,0,0,957,629,0,0,0,1,0,False,False,False
2016-06-27,0,25,0,0,36,37,0,957,45152,0,0,957,629,0,0,0,1,0,False,False,False
2016-06-28,0,25,0,0,36,37,0,958,45176,0,0,958,629,0,0,0,1,0,False,False,False
2016-06-29,0,26,0,0,36,37,0,958,45200,0,0,958,629,0,0,0,1,0,False,False,False
2016-06-30,0,26,0,0,36,37,0,958,45224,0,0,958,629,0,0,0,1,0,False,False,False
